19300
19396
19568
19740
19908
20080
20252
20424
20596
20768
20940
21108
21280
21452
21624
21796
21968
22140
22308
22480
22652
22824
22996
23168
23336
23508
23684
23856
24028
24200
24372
24540
24716
24888
25060
25228
25400
25572
25744
25916
26088
26260
26432
26604
26776
26948
27120
27292
27460
27632
27804
27976
28144
28320
28488
28660
28836
29008
29180
29352
29520
29692
29868
30040
30208
30380
30552
30728
30896
31068
31240
31412
31584
31756
31928
32100
32272
32444
32616
32788
32960
33132
33304
33476
33648
33820
33992
34164
34336
34508
34680
34852
35024
35196
35368
35540
35712
35884
36056
36228
36400
36572
36744
36916
37084
37256
37428
37600
37772
37944
38116
38284
38456
38628
38800
38972
39144
39316
39484
39656
39828
40000
40172
40344
40512
40688
40860
41032
41204
41376
41548
41720
41892
42064
42236
42408
42576
42748
42920
43092
43264
43436
43608
43780
43952
44124
44292
44464
44636
44808
44980
45148
45320
45492
45664
45836
46008
46180
46352
46524
46696
46868
47040
47212
47384
47556
47728
47900
48072
48244
48416
48588
48756
48932
49104
49272
49444
49616
49788
49960
50132
50308
50480
50652
50824
50996
51168
51340
51508
51680
51852
52024
52200
52368
52544
52712
52884
53056
53228
53400
53572
53744
53920
54088
54260
54432
54604
54776
54948
55120
55288
55460
55632
55804
55976
56148
56316
56488
56660
56832
57004
57176
57344
57516
57688
57860
58032
58208
58380
58552
58724
58892
59068
59240
59412
59580
59752
59924
60096
60268
60440
60612
60784
60956
61128
61300
61472
61644
61816
61984
62156
62328
62500
62672
62844
63016
63188
63360
63532
63704
63876
64048
64220
64392
64564
64732
64904
65076
65248
65420
56
228
400
572
744
916
1088
1260
1432
1604
1776
1948
2124
2296
2468
2640
2812
2984
3156
3328
3500
3672
3844
4016
4188
4360
4528
4700
4872
5044
5220
5392
5564
5736
5904
6076
6248
6420
6592
6764
6936
7108
7276
7448
7620
7792
7964
8136
8304
8476
8648
8820
8988
9164
9332
9504
9680
9852
10024
10196
10368
10540
10712
10884
11056
11228
11400
11568
11740
11916
12088
12260
12428
12600
12772
12944
13116
13288
13456
13628
13800
13968
14140
14312
14484
14656
14828
15000
15172
15344
15516
15688
15860
16032
16204
16376
16548
16720
16892
17064
17236
17404
17576
17752
17924
18092
18268
18440
18612
18784
18956
19128
19300
19472
19644
19816
19988
20160
20332
20504
20676
20848
21020
21192
21364
21536
21704
21876
22048
22220
22396
22564
22736
22908
23080
23248
23420
23596
23768
23940
24108
24280
24452
24620
24792
24964
25136
25308
25480
25648
25820
25992
26164
26336
26508
26680
26852
27024
27200
27368
27540
27712
27884
28056
28228
28400
28568
28740
28912
29084
29256
29428
29600
29768
29944
30112
30284
30456
30628
30800
30968
31140
31312
31484
31656
31828
32000
32172
32344
32516
32688
32860
33032
33204
33376
33548
33720
33892
34064
34236
34408
34576
34748
34920
35092
35264
35436
35608
35780
35952
36124
36296
36468
36640
36812
36984
37156
37328
37500
37672
37844
38016
38188
38360
38532
38704
38872
39044
39220
39392
39564
39736
39908
40076
40248
40420
40592
40764
40936
41108
41276
41448
41620
41788
41960
42132
42304
42476
42644
42816
42988
43160
43332
43504
43672
43848
44020
44192
44364
44536
44708
44880
45052
45224
45396
45564
45736
45908
46080
46252
46424
46596
46768
46936
47112
47284
47452
47624
47796
47968
48140
48308
48480
48652
48824
48996
49168
49340
49512
49684
49856
50028
50200
50372
50540
50712
50884
51056
51228
51400
51572
51744
51916
52088
52260
52432
52604
52776
52948
53120
53292
53464
53636
53808
53984
54156
54328
54500
54672
54840
55012
55188
55360
55532
55704
55872
56044
56216
56388
56560
56732
56904
57076
57244
57416
57588
57760
57932
58104
58276
58448
58616
58788
58960
59132
59304
59472
59644
59816
59988
60156
60332
60500
60672
60844
61020
61192
61364
61536
61708
61880
62052
62224
62396
62568
62736
62908
63080
63252
63424
63596
63768
63936
64108
64280
64452
64624
64796
64964
65136
65308
65480
112
288
456
632
804
976
1148
1320
1492
1664
1836
2008
2180
2352
2524
2696
2864
3036
3208
3380
3552
3724
3896
4068
4240
4412
4584
4756
4928
5100
5272
5444
5616
5788
5960
6132
6304
6476
6648
6820
6992
7164
7336
7508
7680
7852
8024
8200
8368
8540
8712
8884
9052
9224
9396
9572
9744
9916
10084
10256
10428
10596
10768
10940
11112
11284
11456
11624
11796
11968
12140
12312
12480
12656
12828
13000
13172
13344
13516
13688
13864
14032
14208
14376
14548
14720
14892
15064
15236
15408
15580
15748
15924
16092
16264
16436
16608
16780
16952
17120
17292
17464
17636
17808
17980
18152
18324
18496
18668
18840
19012
19184
19356
19528
19700
19872
20040
20212
20384
20556
20728
20900
21072
21244
21416
21588
21760
21932
22104
22276
22448
22624
22796
22968
23140
23312
23484
23656
23828
24000
24172
24344
24516
24688
24860
25032
25204
25376
25548
25720
25892
26064
26232
26404
26576
26748
26920
27092
27260
27432
27604
27776
27948
28120
28288
28460
28632
28804
28976
29148
29320
29492
29664
29836
30008
30180
30352
30524
30696
30868
31040
31212
31384
31556
31728
31900
32072
32244
32416
32588
32756
32928
33104
33272
33444
33616
33788
33956
34128
34300
34472
34644
34816
34988
35160
35332
35504
35676
35848
36020
36192
36364
36536
36708
36876
37048
37220
37392
37568
37736
37908
38080
38252
38424
38596
38768
38940
39116
39284
39456
39632
39804
39976
40148
40324
40496
40664
40836
41008
41180
41356
41524
41696
41868
42040
42212
42384
42552
42728
42900
43072
43240
43412
43584
43756
43928
44100
44272
44440
44612
44784
44956
45128
45300
45472
45640
45812
45984
46156
46328
46500
46672
46844
47016
47188
47360
47536
47704
47876
48048
48220
48392
48564
48732
48904
49076
49248
49420
49592
49764
49932
50104
50276
50448
50620
50792
50964
51132
51304
51476
51648
51820
51992
52164
52336
52508
52680
52852
53024
53196
53368
53540
53712
53884
54056
54228
54400
54572
54744
54912
55084
55260
55428
55600
55772
55944
56116
56288
56460
56632
56804
56976
57148
57320
57492
57664
57836
58008
58180
58352
58528
58696
58868
59040
59212
59384
59556
59728
59900
60072
60248
60416
60588
60756
60932
61104
61276
61448
61616
61788
61960
62128
62300
62472
62644
62816
62984
63156
63328
63500
63672
63844
64016
64188
64360
64536
64708
64880
65052
65224
65396
28
200
372
544
716
888
1060
1232
1404
1576
1744
1920
2092
2260
2432
2604
2776
2948
3116
3288
3460
3632
3804
3976
4148
4320
4492
4664
4836
5008
5180
5352
5524
5696
5868
6036
6208
6384
6552
6724
6900
7068
7240
7412
7584
7756
7928
8100
8276
8448
8620
8792
8964
9140
9312
9480
9652
9824
9996
10168
10340
10512
10684
10852
11028
11200
11372
11544
11716
11888
12056
12228
12400
12572
12744
12916
13088
13256
13428
13600
13772
13944
14116
14288
14456
14628
14800
14972
15144
15316
15488
15660
15832
16004
16176
16348
16520
16692
16864
17036
17208
17380
17548
17724
17896
18068
18236
18408
18580
18752
18924
19096
19268
19440
19612
19784
19952
20124
20296
20468
20640
20808
20984
21156
21328
21500
21672
21844
22016
22188
22360
22532
22704
22872
23044
23216
23388
23564
23732
23904
24080
24252
24424
24596
24768
24940
25108
25280
25452
25628
25800
25972
26144
26316
26488
26660
26832
27004
27176
27348
27520
27692
27864
28032
28204
28376
28548
28724
28896
29068
29236
29408
29580
29752
29924
30096
30268
30440
30608
30780
30952
31124
31296
31464
31636
31808
31980
32152
32324
32496
32668
32840
33012
33184
33356
33528
33700
33872
34040
34216
34384
34556
34728
34900
35072
35244
35416
35584
35756
35928
36100
36272
36444
36616
36788
36960
37128
37300
37472
37644
37816
37988
38160
38332
38504
38676
38848
39020
39192
39364
39536
39708
39880
40052
40224
40392
40564
40736
40908
41080
41252
41424
41596
41768
41940
42112
42284
42456
42628
42800
42972
43148
43316
43492
43664
43832
44004
44176
44348
44524
44692
44864
45036
45208
45380
45552
45724
45896
46068
46244
46412
46584
46756
46928
47100
47272
47444
47612
47784
47956
48124
48296
48468
48640
48812
48980
49152
49324
49496
49668
49840
50012
50184
50356
50532
50704
50876
51048
51216
51392
51560
51732
51904
52076
52248
52420
52592
52764
52936
53108
53276
53452
53624
53792
53964
54136
54308
54476
54648
54820
54992
55160
55336
55508
55680
55848
56024
56192
56364
56536
56708
56880
57052
57224
57396
57568
57740
57912
58084
58256
58428
58600
58772
58944
59116
59288
59460
59632
59804
59976
60152
60324
60496
60668
60840
61008
61180
61352
61524
61700
61868
62040
62212
62384
62556
62728
62900
63072
63244
63416
63588
63756
63928
64100
64272
64444
64616
64788
64960
65128
65300
65472
108
280
452
620
792
964
1136
1308
1480
1652
1824
1996
2168
2340
2512
2684
2852
3028
3196
3368
3540
3712
3880
4056
4224
4396
4568
4740
4912
5084
5256
5428
5600
5772
5940
6112
6284
6456
6628
6800
6972
7144
7316
7488
7660
7832
8004
8176
8348
8520
8692
8864
9036
9204
9376
9552
9720
9892
10064
10236
10408
10580
10752
10924
11096
11272
11440
11612
11784
11956
12128
12304
12472
12644
12816
12988
13160
13332
13504
13676
13848
14020
14192
14364
14536
14708
14880
15052
15220
15392
15564
15736
15912
16084
16256
16424
16596
16764
16936
17108
17280
17448
17620
17792
17964
18136
18308
18480
18652
18820
18996
19168
19340
19512
19684
19856
20028
20200
20372
20544
20712
20884
21056
21228
21400
21572
21744
21912
22084
22256
22428
22600
22772
22944
23112
23284
23456
23628
23800
23968
24144
24316
24488
24660
24832
25004
25176
25344
25516
25688
25860
26032
26204
26376
26548
26720
26888
27060
27236
27404
27576
27748
27920
28092
28264
28436
28608
28780
28956
29128
29300
29472
29644
29812
29988
30160
30332
30504
30672
30844
31016
31188
31360
31532
31704
31876
32048
32220
32392
32560
32732
32904
33076
33248
33420
33588
33760
33932
34100
34272
34444
34616
34788
34960
35128
35300
35472
35644
35816
35988
36160
36332
36504
36676
36848
37020
37192
37364
37536
37708
37876
38048
38220
38392
38564
38736
38908
39080
39252
39424
39596
39764
39936
40108
40276
40448
40620
40792
40964
41132
41304
41476
41648
41820
41992
42164
42336
42508
42680
42848
43020
43192
43364
43536
43708
43880
44052
44224
44396
44568
44740
44912
45084
45256
45428
45600
45772
45944
46116
46292
46464
46636
46808
46976
47148
47320
47492
47664
47836
48008
48180
48348
48520
48692
48864
49036
49208
49380
49548
49720
49892
50064
50236
50408
50580
50748
50920
51088
51260
51432
51604
51776
51948
52116
52288
52460
52632
52804
52976
53148
53320
53492
53664
53836
54008
54180
54348
54520
54692
54864
55032
55204
55376
55548
55720
55892
56064
56232
56404
56576
56748
56920
57092
57260
57432
57604
57776
57944
58120
58288
58464
58636
58808
58976
59148
59320
59492
59664
59836
60008
60180
60352
60524
60692
60864
61040
61208
61380
61552
61724
61892
62064
62236
62408
62580
62752
62924
63096
63268
63440
63612
63784
63956
64124
64296
64472
64644
64816
64988
65160
65328
65500
136
308
480
652
824
996
1168
1336
1508
1680
1852
2024
2196
2364
2536
2704
2876
3048
3220
3388
3564
3732
3904
4076
4248
4416
4588
4760
4932
5108
5280
5452
5624
5796
5964
6136
6308
6480
6648
6820
6992
7164
7336
7508
7680
7848
8020
8192
8364
8536
8708
8876
9048
9220
9388
9560
9732
9904
10076
10248
10420
10592
10764
10932
11104
11276
11448
11620
11792
11964
12136
12304
12476
12648
12820
12992
13164
13336
13508
13680
13852
14020
14192
14364
14536
14712
14884
15056
15228
15400
15572
15740
15912
16084
16256
16428
16600
16772
16944
17116
17288
17460
17628
17800
17972
18144
18316
18484
18656
18828
19000
19172
19344
19516
19684
19856
20028
20196
20368
20540
20712
20884
21056
21224
21396
21568
21740
21912
22084
22256
22428
22600
22772
22944
23112
23288
23456
23628
23800
23972
24140
24312
24488
24656
24828
25000
25172
25344
25516
25684
25856
26028
26196
26368
26540
26708
26880
27052
27224
27396
27568
27740
27912
28084
28256
28428
28600
28768
28940
29112
29284
29456
29628
29800
29972
30140
30316
30484
30656
30828
31000
31172
31344
31516
31688
31860
32032
32204
32376
32548
32720
32888
33060
33232
33404
33580
33748
33920
34092
34264
34436
34608
34780
34952
35120
35296
35464
35636
35808
35980
36152
36324
36496
36664
36836
37008
37176
37348
37520
37692
37864
38032
38204
38376
38548
38720
38888
39060
39232
39404
39576
39748
39920
40092
40260
40436
40604
40776
40948
41120
41288
41460
41632
41804
41976
42148
42320
42492
42664
42836
43008
43176
43348
43520
43692
43860
44032
44204
44376
44548
44720
44892
45064
45236
45408
45580
45752
45920
46092
46264
46436
46608
46780
46952
47124
47292
47468
47636
47808
47980
48152
48324
48496
48668
48840
49012
49184
49356
49528
49704
49872
50044
50216
50388
50560
50732
50904
51076
51244
51416
51588
51760
51932
52104
52276
52448
52620
52788
52960
53132
53304
53476
53648
53816
53988
54156
54328
54500
54672
54840
55012
55184
55356
55528
55700
55872
56044
56212
56384
56560
56732
56904
57076
57248
57416
57588
57760
57932
58104
58276
58444
58616
58788
58960
59132
59304
59476
59648
59820
59988
60160
60332
60500
60672
60844
61016
61184
61356
61528
61700
61872
62044
62216
62388
62560
62732
62904
63072
63244
63416
63588
63760
63932
64104
64276
64448
64620
64792
64960
65132
65304
65476
112
284
456
632
804
976
1148
1320
1492
1660
1832
2004
2176
2348
2520
2692
2864
3032
3204
3376
3548
3720
3892
4068
4236
4404
4576
4748
4920
5092
5264
5436
5604
5776
5948
6120
6292
6460
6632
6804
6976
7148
7320
7488
7660
7832
8004
8176
8348
8520
8692
8864
9036
9208
9376
9548
9720
9892
10064
10236
10408
10580
10752
10924
11092
11264
11436
11608
11780
11952
12120
12296
12464
12636
12804
12976
13148
13320
13492
13664
13836
14008
14180
14352
14524
14696
14868
15036
15208
15380
15552
15724
15896
16068
16240
16412
16584
16756
16928
17100
17272
17440
17612
17788
17960
18132
18304
18476
18644
18816
18988
19160
19332
19504
19676
19848
20020
20192
20364
20536
20708
20880
21052
21224
21392
21564
21736
21908
22080
22252
22424
22592
22764
22936
23104
23276
23448
23620
23792
23960
24132
24304
24476
24648
24820
24988
25164
25332
25508
25680
25852
26020
26192
26364
26536
26708
26880
27048
27220
27392
27564
27736
27908
28080
28252
28424
28596
28768
28936
29108
29280
29452
29624
29792
29964
30136
30308
30480
30652
30824
30996
31168
31340
31512
31684
31852
32024
32196
32368
32540
32712
32884
33056
33224
33400
33568
33740
33912
34084
34256
34428
34600
34772
34948
35120
35292
35464
35636
35808
35980
36152
36324
36496
36668
36836
37008
37180
37352
37524
37696
37868
38040
38212
38384
38552
38724
38896
39068
39240
39412
39580
39752
39924
40092
40264
40436
40608
40780
40952
41120
41292
41464
41636
41808
41980
42148
42320
42496
42668
42840
43016
43184
43352
43528
43696
43868
44040
44212
44380
44556
44728
44896
45068
45240
45412
45584
45756
45924
46096
46268
46436
46608
46780
46952
47124
47292
47464
47636
47808
47980
48152
48324
48496
48668
48840
49012
49184
49356
49524
49696
49868
50040
50212
50384
50556
50728
50900
51072
51244
51416
51588
51760
51932
52104
52276
52448
52620
52792
52964
53132
53304
53476
53648
53824
53992
54164
54336
54504
54676
54848
0
