12
10232
18464
24596
29356
33240
36624
39668
42492
45132
47620
49956
52132
54184
56136
58008
59784
61520
63200
64836
924
2528
4116
5676
7180
8644
10056
11444
12792
14128
15440
16752
18064
19372
20680
21976
23256
24508
25760
26980
28196
29392
30588
31752
32884
33992
35076
36140
37184
38208
39232
40240
41232
42232
43220
44208
45196
46188
47188
48192
49188
50188
51168
52136
53084
54032
54964
55888
56800
57712
58608
59512
60412
61312
62216
63124
64036
64936
292
1188
2072
2956
3844
4728
5604
6476
7340
8200
9060
9908
10752
11592
12428
13252
14060
14868
15676
16476
17276
18052
18828
19600
20368
21140
21908
22668
23432
24188
24948
25692
26432
27172
27912
28644
29372
30096
30804
31516
32220
32924
33632
34336
35036
35740
36432
37120
37808
38492
39172
39848
40524
41200
41876
42552
43232
43908
44580
45248
45920
46580
47244
47904
48568
49224
49880
50528
51168
51804
52440
53068
53704
54332
54952
55576
56196
56812
57436
58052
58676
59300
59920
60548
61172
61792
62400
63012
63620
64228
64832
65436
500
1100
1696
2296
2896
3496
4104
4700
5296
5900
6492
7088
7688
8284
8880
9472
10060
10648
11236
11820
12408
12988
13568
14144
14712
15284
15856
16424
16992
17556
18116
18676
19232
19796
20352
20912
21468
22020
22576
23128
23672
24220
24768
25320
25864
26408
26940
27476
28012
28544
29084
29620
30152
30684
31216
31744
32268
32796
33316
33840
34360
34888
35412
35936
36460
36984
37504
38020
38540
39052
39572
40084
40604
41120
41636
42148
42656
43160
43664
44164
44672
45172
45672
46172
46668
47164
47660
48156
48656
49156
49652
50152
50656
51152
51648
52140
52632
53120
53612
54100
54588
55076
55564
56052
56536
57024
57512
57996
58480
58968
59456
59940
60428
60916
61400
61884
62364
62844
63324
63804
64284
64764
65240
180
648
1124
1592
2064
2532
2996
3464
3928
4392
4860
5324
5788
6252
6712
7176
7632
8088
8548
9008
9464
9920
10376
10824
11276
11724
12172
12624
13076
13524
13972
14416
14864
15308
15752
16196
16636
17080
17524
17968
18412
18856
19300
19740
20180
20620
21056
21500
21936
22376
22812
23252
23688
24120
24552
24984
25412
25848
26276
26704
27132
27556
27984
28412
28836
29264
29692
30116
30548
30976
31404
31828
32256
32676
33104
33524
33948
34368
34792
35212
35636
36056
36476
36900
37320
37736
38160
38576
38996
39420
39840
40260
40680
41096
41516
41932
42348
42768
43184
43600
44012
44420
44836
45244
45656
46064
46472
46880
47288
47692
48104
48508
48916
49324
49728
50132
50536
50936
51340
51744
52148
52548
52952
53344
53744
54140
54536
54932
55328
55724
56120
56516
56908
57304
57696
58088
58480
58868
59264
59656
60052
60444
60836
61228
61616
62008
62400
62788
63176
63568
63956
64348
64736
65120
65508
356
740
1128
1512
1892
2276
2656
3036
3420
3800
4180
4564
4944
5328
5712
6096
6476
6856
7232
7612
7992
8372
8748
9124
9504
9880
10256
10636
11016
11392
11772
12152
12524
12900
13280
13656
14036
14412
14788
15164
15540
15916
16292
16664
17040
17416
17780
18156
18524
18896
19268
19632
20000
20364
20732
21100
21472
21840
22208
22572
22940
23304
23664
24028
24396
24760
25124
25488
25848
26212
26572
26932
27292
27656
28012
28372
28732
29092
29448
29808
30164
30520
30876
31236
31596
31952
32312
32668
33024
33380
33740
34092
34448
34800
35156
35512
35868
36224
36576
36932
37284
37636
37988
38340
38688
39040
39388
39740
40088
40436
40788
41140
41488
41840
42188
42540
42888
43240
43588
43936
44284
44632
44976
45324
45672
46016
46364
46712
47060
47404
47752
48100
48444
48788
49136
49484
49828
50176
50520
50864
51208
51556
51900
52244
52588
52932
53268
53612
53956
54296
54640
54980
55320
55656
55996
56336
56676
57016
57356
57696
58036
58368
58704
59040
59380
59720
60056
60392
60724
61060
61392
61724
62060
62392
62724
63060
63392
63724
64056
64388
64716
65048
65380
176
508
840
1176
1504
1836
2168
2500
2828
3160
3488
3820
4148
4480
4808
5136
5468
5792
6120
6448
6780
7104
7428
7752
8076
8404
8728
9052
9380
9704
10028
10356
10684
11008
11332
11656
11980
12304
12628
12948
13276
13596
13920
14244
14568
14892
15216
15540
15864
16184
16508
16832
17156
17480
17800
18124
18444
18768
19088
19412
19732
20056
20376
20688
21008
21328
21648
21964
22280
22596
22912
23228
23548
23868
24184
24500
24820
25136
25448
25760
26076
26392
26708
27024
27340
27656
27964
28276
28588
28904
29216
29528
29840
30152
30464
30772
31084
31396
31704
32012
32324
32636
32948
33260
33572
33884
34192
34504
34812
35120
35428
35740
36048
36360
36672
36980
37288
37596
37904
38212
38520
38824
39132
39436
39740
40048
40352
40660
40968
41268
41576
41884
42192
42496
42804
43108
43412
43716
44024
44324
44628
44932
45236
45540
45844
46148
46452
46752
47060
47360
47664
47968
48276
48576
48880
49184
49488
49792
50092
50396
50700
51004
51304
51600
51904
52204
52504
52808
53104
53404
53704
54000
54304
54600
54900
55200
55500
55796
56092
56388
56684
56984
57284
57580
57880
58172
58468
58764
59056
59352
59648
59944
60240
60532
60828
61124
61416
61708
62004
62296
62592
62888
63184
63480
63772
64068
64360
64656
64944
65240
65532
288
580
876
1168
1460
1752
2040
2332
2624
2916
3204
3496
3784
4072
4364
4652
4944
5232
5520
5812
6104
6396
6684
6976
7264
7556
7844
8132
8420
8708
8996
9288
9576
9864
10152
10440
10728
11016
11304
11592
11880
12172
12456
12744
13032
13320
13608
13896
14184
14472
14760
15044
15328
15612
15900
16184
16472
16756
17040
17324
17608
17896
18180
18464
18748
19032
19320
19600
19880
20164
20448
20732
21016
21300
21576
21860
22140
22420
22700
22984
23264
23544
23824
24104
24384
24664
24944
25224
25500
25780
26064
26344
26624
26904
27184
27464
27744
28024
28304
28580
28860
29140
29420
29704
29980
30256
30536
30812
31092
31368
31644
31924
32200
32476
32752
33028
33304
33580
33856
34136
34412
34688
34964
35244
35520
35796
36068
36344
36620
36896
37168
37448
37720
37996
38272
38548
38820
39100
39372
39648
39924
40200
40476
40752
41028
41304
41580
41856
42132
42404
42680
42956
43224
43500
43772
44044
44320
44588
44860
45400
45944
46488
47032
47568
48112
48656
49192
49732
50268
50808
51344
51880
52420
52952
53492
54028
54564
55100
55636
56168
56700
57232
57768
58300
58832
59364
59896
60424
60956
61488
62020
62548
63080
63608
64136
64660
65192
180
708
1236
1764
2292
2820
3348
3872
4396
4924
5448
5972
6492
7016
7540
8060
8576
9100
9620
10136
10652
11172
11688
12204
12720
13236
13748
14268
14784
15300
15820
16332
16848
17360
17876
18388
18904
19412
19924
20432
20944
21456
21968
22480
22992
23504
24012
24520
25028
25540
26048
26560
27068
27576
28084
28596
29104
29612
30116
30620
31128
31632
32132
32640
33144
33648
34148
34652
35156
35656
36156
36656
37152
37652
38152
38648
39148
39648
40148
40644
41144
41640
42136
42636
43132
43628
44128
44620
45116
45612
46104
46596
47096
47588
48084
48576
49068
49560
50052
50548
51040
51532
52024
52516
53008
53500
53992
54484
54976
55468
55960
56448
56932
57420
57912
58396
58880
59368
59856
60340
60824
61308
61792
62276
62760
63244
63724
64212
64696
65180
128
608
1088
1572
2060
2536
3016
3496
3976
4452
4932
5408
5892
6372
6852
7332
7808
8288
8764
9244
9720
10200
10676
11152
11632
12108
12588
13064
13536
14012
14488
14960
15436
15912
16384
16860
17328
17804
18276
18748
19216
19684
20156
20624
21092
21564
22032
22500
22972
23444
23912
24384
24848
25320
25788
26256
26724
27188
27656
28124
28588
29052
29524
29988
30452
30920
31384
31848
32316
32780
33244
33712
34176
34640
35104
35568
36036
36500
36960
37424
37888
38348
38808
39272
39732
40192
40648
41112
41572
42028
42488
42944
43404
43860
44320
44776
45232
45692
46152
46608
47064
47520
47976
48432
48888
49344
49804
50256
50712
51164
51616
52072
52528
52984
53436
53892
54344
54800
55252
55708
56160
56612
57068
57520
57972
58428
58880
59332
59780
60232
60684
61132
61580
62032
62484
62932
63380
63828
64280
64724
65172
80
528
972
1420
1864
2308
2756
3204
3652
4100
4544
4988
5432
5880
6324
6772
7216
7660
8104
8548
8988
9436
9880
10324
10768
11208
11652
12096
12540
12980
13424
13868
14312
14752
15196
15640
16084
16520
16964
17408
17848
18284
18728
19168
19608
20044
20488
20924
21364
21800
22236
22676
23112
23548
23984
24420
24860
25300
25736
26172
26608
27044
27484
27920
28356
28792
29224
29660
30096
30528
30964
31400
31836
32272
32708
33140
33576
34012
34444
34880
35316
35748
36180
36616
37052
37484
37920
38348
38780
39216
39648
40080
40512
40944
41376
41804
42236
42668
43096
43528
43956
44384
44812
45240
45672
46100
46528
46960
47388
47820
48248
48672
49104
49532
49960
50392
50816
51244
51672
52096
52524
52952
53380
53808
54236
54660
55088
55512
55940
56368
56792
57220
57644
58072
58500
58928
59352
59772
60200
60628
61048
61472
61896
62320
62744
63164
63588
64012
64432
64852
65272
156
580
1000
1420
1840
2264
2688
3108
3528
3948
4368
4788
5208
5628
6048
6468
6884
7304
7724
8140
8564
8984
9404
9824
10240
10660
11080
11496
11916
12336
12752
13172
13588
14008
14428
14844
15256
15676
16096
16512
16928
17344
17760
18176
18588
19004
19424
19836
20248
20660
21076
21488
21900
22312
22728
23144
23560
23972
24388
24800
25212
25628
26044
26456
26868
27280
27692
28104
28516
28928
29344
29756
30168
30580
30992
31404
31816
32228
32640
33056
33468
33876
34288
34700
35112
35524
35932
36344
36756
37164
37572
37984
38396
38804
39208
39620
40032
40436
40844
41252
41660
42068
42476
42880
43288
43696
44104
44512
44920
45328
45732
46140
46548
46956
47364
47768
48176
48580
48988
49392
49800
50208
50612
51020
51424
51832
52236
52640
53048
53452
53860
54264
54668
55076
55480
55888
56288
56692
57100
57500
57904
58308
58712
59116
59516
59920
60324
60724
61124
61524
61928
62328
62728
63128
63528
63932
64336
64736
65136
0
400
804
1204
1604
2008
2408
2808
3208
3608
4004
4408
4808
5208
5608
6008
6408
6808
7208
7608
8008
8408
8804
9204
9604
10004
10404
10800
11200
11600
11996
12392
12792
13188
13588
13980
14380
14776
15172
15568
15964
16360
16752
17148
17544
17940
18336
18732
19128
19524
19920
20312
20708
21104
21500
21896
22288
22684
23076
23472
23868
24264
24660
25056
25448
25844
26236
26636
27028
27420
27816
28208
28604
28996
29392
29788
30180
30572
30964
31360
31756
32144
32536
32932
33324
33712
34104
34496
34884
35276
35664
36056
36444
36836
37224
37616
38008
38400
38788
39180
39572
39960
40352
40740
41132
41524
41912
42300
42688
43080
43468
43860
44248
44640
45028
45416
45808
46196
46588
46976
47368
47756
48144
48532
48924
49316
49704
50088
50476
50864
51252
51636
52024
52416
52800
53184
53572
53960
54344
54732
55116
55500
55888
56272
56656
57040
57428
57816
58200
58584
58972
59356
59740
60128
60512
60900
61284
61668
62052
62436
62820
63208
63592
63976
64364
64748
65132
65516
364
748
1132
1520
1900
2288
2672
3056
3440
3820
4204
4588
4972
5352
5736
6124
6504
6884
7268
7652
8032
8412
8792
9172
9552
9932
10312
10692
11076
11460
11840
12220
12600
12980
13360
13744
14124
14504
14884
15264
15644
16024
16404
16788
17168
17548
17928
18308
18688
19068
19448
19828
20208
20592
20968
21348
21732
22112
22488
22864
23244
23628
24004
24380
24760
25140
25516
25892
26272
26648
27028
27404
27780
28156
28532
28908
29284
29660
30040
30416
30792
31168
31544
31920
32300
32676
33052
33428
33804
34180
34556
34932
35308
35688
36064
36440
36816
37192
37568
37944
38320
38692
39072
39448
39824
40196
40576
40952
41328
41700
42076
42448
42824
43196
43572
43948
44324
44692
45068
45440
45812
46184
46556
46928
47300
47672
48044
48416
48792
49164
49536
49908
50284
50652
51024
51400
51772
52144
52516
52888
53260
53632
54004
54376
54748
55120
55492
55864
56236
56608
56980
57352
57724
58096
58468
58840
59212
59584
59956
60324
60696
61068
61436
61804
62176
62544
62916
63280
63652
64024
64392
64760
65128
65496
328
696
1064
1432
1800
2172
2540
2908
3276
3644
4012
4380
4748
5116
5484
5852
6220
6588
6956
7324
7692
8060
8432
8796
9164
9532
9900
10268
10636
11004
11372
11736
12108
12476
12844
13208
13572
13940
14304
14672
15036
15404
15772
16132
16500
16868
17232
17596
17960
18320
18684
19048
19412
19776
20144
20508
20872
21240
21604
21968
22332
22696
23064
23428
23792
24156
24520
24884
25248
25612
25976
26340
26704
27068
27432
27796
28164
28524
28892
29256
29620
29984
30348
30712
31076
31436
31800
32164
32524
32884
33248
33612
33976
34332
34696
35060
35420
35780
36140
36500
36860
37224
37584
37944
38304
38668
39028
39388
39752
40108
40472
40832
41192
41556
41916
42276
42636
42996
43356
43720
44080
44440
44804
45164
45524
45884
46244
46604
46964
47324
47684
48044
48408
48768
49128
49488
49844
50208
50564
50920
51280
51640
52000
52356
52712
53076
53432
53788
54144
54504
54856
55216
55572
55928
56288
56648
57004
57364
57720
58076
58432
58792
59148
59508
59864
60224
60580
60936
61292
61652
62008
62368
62724
63080
63436
63796
64152
64508
64864
65224
44
400
756
1116
1472
1828
2184
2540
2896
3252
3608
3964
4320
4672
5024
5380
5736
6088
6444
6796
7152
7504
7860
8212
8568
8924
9276
9632
9988
10340
10696
11052
11404
11760
12112
12464
12820
13172
13524
13880
14236
14592
14944
15300
15652
16008
16360
16716
17068
17424
17776
18132
18488
18840
19196
19544
19896
20252
20600
20952
21304
21660
22012
22360
22712
23064
23416
23768
24120
24468
24820
25168
25520
25872
26224
26576
26924
27276
27628
27976
28328
28680
29032
29384
29736
30084
30436
30788
31136
31492
31840
32192
32544
32892
33244
33596
33948
34296
34648
34996
35348
35700
36052
36404
36752
37100
37452
37800
38148
38496
38848
39200
39548
39892
40244
40592
40940
41288
41636
41980
42328
42676
43024
43372
43724
44072
44420
44768
45116
45464
45812
46160
46508
46860
47204
47552
47900
48244
48592
48944
49292
49640
49988
50336
50680
51032
51380
51724
52072
52420
52768
53116
53464
53812
54160
54504
54852
55200
55544
55888
56236
56584
56932
57272
57620
57968
58312
58656
59000
59344
59688
60036
60380
60724
61072
61416
61764
62108
62452
62796
63144
63488
63832
64180
64524
64868
65212
20
364
712
1056
1404
1748
2092
2436
2780
3128
3472
3816
4160
4504
4852
5196
5540
5888
6228
6572
6916
7260
7600
7948
8292
8636
8976
9320
9664
10004
10348
10688
11028
11372
11712
12056
12396
12740
13084
13428
13772
14112
14452
14796
15140
15484
15828
16168
16508
16852
17192
17532
17876
18220
18560
18904
19244
19588
19928
20272
20612
20956
21300
21640
21984
22324
22668
23008
23348
23688
24032
24372
24712
25052
25396
25736
26072
26412
26756
27096
27432
27772
28112
28452
28792
29132
29472
29812
30152
30492
30832
31168
31508
31848
32188
32528
32868
33204
33544
33884
34224
34560
34904
35244
35584
35924
36260
36600
36940
37280
37616
37956
38296
38636
38972
39316
39652
39992
40328
40668
41008
41344
41680
42020
42360
42696
43032
43372
43708
44044
44380
44716
45052
45388
45724
46060
46400
46736
47076
47412
47748
48088
48424
48760
49096
49436
49772
50108
50444
50780
51116
51452
51792
52128
52464
52800
53136
53476
53812
54148
54484
54820
55160
55496
55832
56168
56508
56840
57176
57512
57848
58184
58516
58852
59188
59524
59856
60192
60528
60864
61196
61532
61864
62200
62532
62868
63200
63536
63872
64204
64540
64876
65208
8
340
676
1012
1344
1676
2012
2344
2680
3016
3348
3684
4016
4352
4688
5020
5356
5688
6024
6356
6692
7024
7360
7692
8028
8360
8692
9028
9356
9692
10024
10356
10692
11020
11356
11688
12020
12352
12684
13012
13344
13676
14008
14340
14672
15004
15336
15668
16000
16332
16664
16996
17332
17664
17996
18328
18656
18988
19320
19652
19984
20316
20648
20980
21312
21644
21976
22308
22640
22972
23304
23636
23968
24300
24632
24960
25292
25624
25952
26284
26616
26944
27276
27604
27936
28268
28596
28924
29252
29584
29912
30240
30572
30900
31232
31564
31892
32220
32552
32880
33208
33540
33868
34200
34528
34860
35188
35516
35848
36176
36508
36836
37168
37496
37828
38156
38488
38816
39144
39476
39804
40136
40464
40796
41124
41452
41780
42112
42436
42764
43096
43424
43752
44080
44408
44736
45064
45392
45720
46044
46372
46700
47024
47352
47680
48008
48336
48664
48992
49320
49648
49976
50304
50632
50960
51288
51612
51940
52268
52596
52924
53252
53580
53904
54232
54560
54888
55216
55544
55872
56200
56528
56856
57184
57512
57836
58160
58488
58816
59140
59468
59796
60120
60444
60772
61100
61420
61748
62072
62396
62720
63048
63372
63696
64024
64352
64680
65004
65328
120
444
768
1096
1420
1748
2072
2396
2720
3044
3372
3700
4024
4352
4676
5004
5328
5656
5980
6304
6632
6956
7280
7608
7936
8260
8584
8908
9232
9556
9880
10204
10532
10856
11176
11500
11828
12152
12472
12796
13120
13440
13764
14088
14412
14736
15060
15384
15708
16032
16356
16680
17004
17328
17652
17976
18300
18624
18944
19268
19596
19920
20244
20568
20888
21212
21536
21860
22184
22508
22832
23156
23480
23804
24128
24452
24772
25096
25420
25740
26064
26388
26712
27032
27352
27676
28000
28320
28640
28964
29284
29604
29928
30248
30568
30892
31216
31536
31860
32180
32504
32824
33148
33468
33792
34116
34436
34756
35076
35400
35724
36044
36368
36688
37012
37332
37656
37976
38300
38620
38944
39264
39588
39908
40232
40552
40872
41196
41516
41836
42152
42476
42796
43120
43436
43756
44080
44400
44716
45036
45356
45676
45996
46316
46636
46956
47276
47596
47916
48236
48556
48876
49196
49516
49840
50160
50480
50800
51120
51436
51760
52080
52400
52720
53040
53360
53680
54000
54320
54640
54960
55280
55600
55924
56244
56564
56880
57200
57520
57840
58156
58476
58796
59116
59436
59752
60072
60392
60708
61024
61344
61660
61980
62296
62616
62936
63256
63572
63892
64212
64528
64848
65168
65484
268
588
904
1224
1540
1856
2176
2496
2816
3136
3452
3772
4088
4408
4728
5048
5364
5684
6000
6320
6640
6960
7272
7592
7908
8228
8544
8860
9180
9496
9812
10128
10448
10764
11080
11396
11712
12028
12344
12664
12980
13296
13616
13928
14248
14564
14880
15196
15516
15832
16148
16464
16784
17100
17416
17732
18048
18364
18684
19000
19316
19632
19948
20268
20584
20900
21216
21536
21852
22168
22488
22804
23116
23436
23752
24064
24380
24696
25016
25332
25644
25960
26276
26592
26904
27220
27532
27848
28164
28476
28792
29108
29424
29740
30056
30372
30684
31000
31316
31632
31948
32264
32580
32892
33208
33520
33840
34152
34468
34784
35100
35412
35728
36044
36360
36676
36992
37308
37624
37940
38256
38568
38884
39196
39512
39824
40136
40452
40768
41084
41396
41708
42024
42336
42652
42964
43276
43592
43904
44216
44532
44844
45160
45472
45788
46100
46412
46728
47040
47356
47668
47984
48296
48612
48924
49236
49552
49868
50184
50496
50808
51124
51436
51748
52064
52376
52692
53004
53316
53632
53948
54260
54572
54884
55200
55512
55824
56136
56452
56764
57072
57388
57700
58012
58324
58636
58944
59256
59568
59880
60192
60504
60820
61128
61444
61756
62068
62380
62692
63004
63320
63632
63940
64252
64564
64876
65188
65500
280
592
904
1216
1528
1840
2152
2468
2780
3092
3404
3716
4028
4340
4652
4964
5276
5584
5896
6208
6520
6832
7140
7452
7764
8076
8384
8696
9004
9316
9628
9936
10248
10560
10872
11180
11492
11804
12112
12424
12736
13044
13356
13668
13980
14288
14600
14908
15220
15532
15844
16156
16464
16776
17088
17396
17708
18020
18332
18640
18952
19264
19576
19884
20192
20504
20816
21124
21432
21744
22056
22364
22672
22984
23292
23604
23912
24220
24528
24836
25144
25452
25764
26072
26384
26692
27004
27312
27620
27928
28240
28548
28860
29168
29476
29788
30096
30404
30716
31024
31336
31644
31952
32260
32572
32880
33188
33500
33808
34120
34428
34740
35052
35360
35664
35976
36284
36592
36900
37208
37516
37828
38132
38440
38752
39056
39364
39672
39980
40288
40596
40904
41212
41520
41828
42136
42448
42752
43060
43368
43676
43984
44296
44600
44908
45216
45524
45832
46140
46448
46756
47068
47376
47680
47992
48300
48608
48916
49224
49532
49840
50148
50456
50764
51068
51376
51688
51992
52300
52608
52916
53224
53528
53836
54144
54452
54756
55064
55368
55676
55980
56284
56592
56900
57208
57516
57824
58132
58436
58744
59052
59360
59668
59972
60280
60584
60892
61196
61504
61812
62120
62428
62732
63040
63348
63656
63960
64268
64576
64884
65188
65496
272
576
880
1188
1496
1800
2104
2408
2716
3024
3328
3632
3940
4244
4552
4856
5160
5464
5772
6076
6380
6688
6996
7300
7608
7912
8216
8524
8828
9136
9440
9748
10052
10356
10660
10968
11276
11580
11888
12192
12500
12804
13108
13416
13720
14028
14332
14640
14944
15252
15560
15864
16168
16472
16780
17084
17388
17692
18000
18304
18608
18912
19220
19524
19828
20132
20436
20740
21044
21348
21652
21956
22260
22564
22872
23176
23480
23784
24088
24392
24700
25004
25308
25612
25916
26220
26528
26832
27136
27444
27748
28052
28356
28660
28964
29272
29576
29880
30184
30492
30796
31104
31404
31708
32016
32316
32620
32924
33228
33532
33836
34140
34444
34748
35052
35352
35656
35956
36260
36564
36868
37172
37476
37780
38088
38388
38692
38996
39300
39604
39908
40212
40516
40816
41120
41424
41728
42032
42336
42640
42944
43248
43552
43856
44160
44464
44768
45072
45376
45680
45984
46288
46588
46892
0
