19300
19340
19464
19584
19704
19828
19948
20068
20192
20316
20436
20560
20680
20804
20924
21044
21168
21288
21412
21532
21656
21776
21900
22020
22140
22264
22384
22508
22628
22752
22872
22992
23112
23236
23356
23480
23600
23724
23844
23968
24088
24208
24332
24452
24576
24696
24816
24940
25060
25180
25304
25424
25548
25668
25792
25912
26036
26156
26276
26400
26520
26644
26764
26888
27008
27132
27252
27372
27496
27616
27740
27864
27984
28108
28228
28348
28472
28592
28712
28836
28956
29080
29200
29324
29444
29568
29688
29812
29932
30056
30176
30300
30420
30544
30664
30784
30908
31028
31152
31272
31396
31516
31636
31760
31884
32004
32124
32248
32368
32492
32616
32736
32860
32980
33104
33224
33344
33468
33588
33712
33832
33956
34076
34200
34320
34444
34564
34688
34808
34932
35052
35172
35292
35412
35536
35660
35780
35900
36020
36144
36264
36388
36508
36632
36752
36872
36996
37116
37240
37360
37480
37604
37724
37848
37972
38092
38216
38336
38456
38580
38704
38824
38944
39068
39188
39312
39432
39552
39676
39796
39916
40040
40164
40284
40404
40528
40648
40768
40892
41012
41136
41256
41380
41500
41624
41744
41868
41992
42112
42236
42356
42476
42600
42720
42844
42964
43088
43208
43328
43452
43572
43696
43816
43940
44060
44184
44304
44428
44548
44672
44792
44916
45036
45160
45280
45400
45524
45644
45768
45888
46012
46132
46256
46376
46496
46620
46740
46864
46984
47108
47228
47348
47468
47592
47716
47836
47960
48080
48204
48324
48444
48568
48688
48812
48932
49052
49176
49296
49416
49536
49660
49780
49904
50024
50148
50272
50392
50512
50636
50756
50876
51000
51120
51244
51364
51488
51608
51732
51852
51976
52096
52220
52340
52464
52584
52704
52828
52948
53068
53192
53312
53436
53556
53680
53800
53924
54044
54168
54288
54408
54532
54652
54776
54896
55020
55140
55260
55384
55504
55628
55748
55872
55992
56116
56236
56360
56480
56604
56724
56848
56968
57092
57212
57336
57456
57576
57700
57820
57944
58068
58188
58312
58432
58552
58676
58796
58916
59040
59160
59284
59404
59524
59644
59768
59888
60012
60132
60256
60376
60496
60620
60740
60864
60984
61108
61228
61352
61472
61592
61716
61836
61956
62080
62204
62324
62448
62568
62688
62812
62932
63056
63176
63296
63420
63540
63664
63784
63908
64028
64148
64272
64396
64520
64636
64760
64880
65000
65124
65244
65368
65488
76
196
320
444
564
684
808
928
1052
1172
1296
1416
1540
1660
1784
1904
2024
2148
2268
2392
2512
2636
2756
2880
3000
3120
3244
3364
3488
3608
3732
3852
3976
4096
4220
4340
4464
4584
4708
4828
4952
5072
5192
5316
5436
5560
5680
5804
5924
6044
6164
6288
6412
6532
6656
6776
6896
7020
7140
7264
7384
7508
7628
7752
7872
7992
8112
8236
8356
8480
8600
8724
8844
8968
9088
9212
9332
9452
9576
9696
9820
9940
10064
10184
10308
10428
10548
10672
10796
10916
11040
11160
11280
11404
11524
11644
11768
11888
12008
12132
12252
12376
12500
12620
12744
12864
12984
13108
13228
13352
13472
13596
13716
13840
13960
14080
14204
14324
14448
14568
14692
14812
14936
15056
15180
15304
15424
15544
15668
15788
15912
16032
16156
16276
16396
16520
16640
16764
16888
17008
17128
17252
17372
17492
17616
17736
17860
17980
18100
18220
18340
18464
18584
18708
18832
18952
19072
19196
19316
19440
19560
19684
19804
19928
20048
20168
20292
20412
20532
20656
20776
20900
21020
21144
21264
21388
21512
21628
21752
21872
21996
22116
22236
22360
22480
22604
22724
22848
22968
23088
23212
23336
23456
23580
23700
23820
23944
24064
24184
24308
24428
24552
24676
24796
24916
25040
25160
25284
25404
25528
25648
25772
25892
26016
26136
26256
26380
26500
26620
26744
26864
26988
27108
27232
27352
27476
27596
27716
27840
27964
28084
28208
28328
28452
28572
28692
28816
28936
29060
29180
29304
29424
29548
29668
29792
29912
30036
30156
30276
30396
30516
30640
30760
30884
31004
31128
31248
31368
31492
31612
31732
31856
31976
32100
32220
32344
32464
32584
32708
32828
32948
33072
33196
33316
33440
33560
33680
33804
33924
34048
34168
34288
34412
34536
34656
34776
34900
35020
35144
35264
35388
35508
35628
35752
35872
35996
36116
36236
36360
36480
36604
36724
36848
36968
37092
37212
37336
37456
37580
37700
37820
37944
38064
38188
38308
38432
38552
38672
38796
38920
39040
39160
39284
39404
39528
39648
39772
39892
40016
40136
40260
40380
40504
40624
40744
40868
40988
41112
41232
41356
41476
41596
41720
41840
41964
42084
42204
42328
42448
42568
42688
42812
42932
43056
43180
43300
43420
43544
43664
43784
43908
44028
44152
44272
44396
44516
44636
44760
44880
45004
45124
45244
45368
45492
45612
45736
45856
45976
46100
46220
46344
46464
46584
46704
46828
46948
47072
47192
47316
47436
47560
47680
47800
47924
48044
48164
48288
48408
48532
48652
48772
48896
49020
49140
49264
49384
49508
49628
49752
49872
49992
50116
50236
50360
50480
50600
50724
50844
50968
51088
51212
51332
51452
51576
51696
51820
51940
52064
52184
52308
52428
52552
52672
52796
52916
53036
53160
53280
53404
53524
53648
53768
53888
54012
54132
54256
54376
54500
54620
54740
54860
54984
55104
55228
55348
55472
55592
55712
55836
55956
56076
56200
56320
56444
56564
56684
56808
56928
57048
57172
57292
57412
57536
57660
57780
57904
58024
58144
58268
58388
58512
58632
58756
58876
59000
59120
59240
59364
59484
59608
59728
59852
59972
60096
60216
60336
60460
60580
60700
60824
60944
61068
61188
61312
61432
61552
61676
61796
61920
62040
62160
62284
62404
62528
62648
62772
62896
63016
63136
63260
63380
63500
63624
63748
63868
63988
64112
64232
64356
64476
64600
64720
64844
64964
65084
65208
65328
65452
36
160
280
404
524
644
768
888
1008
1132
1252
1372
1492
1616
1736
1860
1984
2104
2224
2348
2468
2588
2712
2836
2956
3080
3200
3320
3440
3564
3684
3804
3928
4048
4172
4292
4416
4536
4656
4776
4900
5020
5144
5264
5388
5508
5632
5752
5872
5996
6116
6240
6360
6484
6604
6728
6848
6968
7092
7212
7336
7456
7576
7700
7824
7944
8068
8188
8308
8432
8552
8676
8796
8920
9040
9160
9284
9404
9528
9648
9768
9892
10012
10136
10256
10380
10500
10624
10744
10864
10988
11112
11232
11356
11476
11600
11720
11840
11964
12084
12208
12328
12452
12572
12696
12816
12940
13060
13184
13304
13424
13548
13664
13788
13908
14032
14152
14276
14396
14516
14640
14760
14884
15004
15124
15248
15368
15492
15612
15732
15856
15976
16096
16220
16340
16464
16588
16708
16828
16952
17072
17192
17316
17436
17560
17680
17804
17924
18048
18168
18292
18412
18536
18656
18776
18900
19020
19144
19264
19384
19508
19628
19748
19872
19996
20116
20236
20360
20480
20604
20724
20848
20968
21092
21212
21336
21456
21576
21700
21820
21944
22064
22188
22308
22432
22552
22676
22796
22916
23040
23164
23284
23408
23528
23652
23772
23892
24012
24136
24256
24380
24500
24624
24744
24868
24988
25108
25232
25352
25476
25596
25720
25836
25960
26080
26204
26324
26448
26568
26692
26812
26932
27056
27180
27300
27420
27540
27664
27784
27908
28028
28152
28272
28392
28516
28636
28760
28880
29004
29124
29244
29368
29488
29608
29732
29852
29976
30096
30220
30340
30464
30584
30708
30828
30952
31072
31192
31316
31436
31556
31680
31800
31924
32044
32168
32292
32412
32536
32656
32776
32900
33020
33144
33264
33384
33508
33628
33752
33872
33996
34116
34240
34360
34480
34604
34724
34848
34968
35092
35212
35336
35456
35580
35700
35824
35944
36064
36188
36308
36432
36556
36676
36800
36920
37040
37164
37284
37408
37528
37652
37772
37896
38012
38136
38256
38380
38500
38620
38744
38864
38984
39104
39228
39352
39472
39592
39716
39836
39956
40080
40200
40324
40444
40568
40688
40812
40932
41056
41176
41296
41420
41540
41664
41784
41908
42028
42152
42272
42392
42516
42636
42760
42880
43004
43124
43244
43368
43488
43612
43732
43852
43976
44096
44220
44340
44464
44584
44708
44828
44952
45072
45196
45316
45436
45560
45680
45804
45924
46048
46168
46288
46412
46532
46656
46776
46900
47020
47144
47264
47388
47508
47632
47752
47876
47996
48120
48240
48360
48484
48604
48728
48848
48972
49092
49216
49336
49456
49580
49700
49820
49944
50064
50184
50304
50428
50552
50672
50796
50916
51036
51160
51280
51404
51524
51648
51768
51888
52012
52132
52256
52376
52496
52620
52740
52864
52988
53108
53228
53352
53472
53592
53716
53836
53956
54080
54200
54324
54444
54568
54688
54812
54932
55056
55176
55300
55420
55544
55664
55784
55908
56028
56152
56272
56396
56516
56640
56760
56884
57004
57128
57248
57372
57492
57612
57736
57856
57980
58100
58224
58344
58464
58588
58708
58828
58952
59076
59196
59316
59440
59560
59684
59804
59928
60048
60172
60292
60416
60536
60660
60780
60904
61024
61148
61268
61388
61512
61636
61756
61880
62000
62124
62244
62364
62484
62608
62728
62852
62972
63092
63212
63336
63456
63580
63700
63820
63944
64064
64188
64308
64428
64552
64672
64796
64916
65040
65160
65284
65404
65528
112
236
356
476
600
720
844
964
1088
1208
1332
1452
1572
1696
1820
1940
2060
2184
2304
2424
2548
2668
2792
2912
3036
3156
3280
3400
3524
3644
3768
3888
4008
4132
4252
4376
4496
4620
4740
4864
4984
5104
5228
5348
5472
5592
5716
5840
5960
6080
6204
6324
6448
6572
6692
6816
6936
7056
7176
7300
7420
7544
7664
7788
7908
8028
8152
8272
8392
8516
8636
8760
8880
9000
9124
9244
9368
9492
9612
9732
9856
9976
10096
10220
10344
10464
10584
10708
10828
10948
11072
11192
11316
11436
11556
11680
11800
11924
12044
12164
12288
12408
12532
12652
12772
12896
13016
13140
13260
13384
13504
13628
13748
13872
13992
14112
14236
14356
14476
14600
14720
14844
14964
15088
15208
15332
15452
15576
15696
15820
15940
16064
16184
16304
16428
16548
16672
16792
16912
17036
17156
17276
17400
17520
17644
17764
17888
18008
18132
18252
18376
18496
18620
18740
18864
18984
19108
19228
19352
19472
19596
19716
19840
19960
20080
20204
20324
20448
20568
20692
20812
20932
21056
21176
21296
21416
21540
21660
21784
21904
22024
22148
22268
22392
22512
22636
22756
22876
22996
23120
23240
23364
23484
23604
23728
23852
23972
24096
24216
24336
24460
24584
24704
24824
24944
25068
25188
25312
25432
25552
25676
25796
25920
26040
26164
26284
26408
26528
26648
26768
26892
27012
27136
27256
27380
27500
27624
27744
27868
27988
28112
28232
28356
28476
28596
28720
28840
28964
29084
29208
29328
29448
29572
29692
29816
29936
30060
30180
30300
30424
30544
30668
30788
30912
31032
31156
31276
31396
31520
31640
31764
31884
32008
32128
32252
32372
32496
32616
32736
32860
32980
33104
33224
33344
33464
33588
33708
33832
33952
34076
34196
34316
34440
34560
34684
34804
34924
35048
35168
35288
35412
35532
35656
35776
35896
36020
36140
36264
36384
36508
36628
36752
36872
36992
37116
37236
37356
37480
37600
37724
37844
37968
38088
38212
38332
38456
38576
38700
38820
38940
39064
39184
39308
39428
39548
39672
39796
39916
40040
40160
40284
40404
40524
40648
40768
40892
41012
41132
41256
41376
41500
41620
41744
41864
41984
42108
42228
42352
42472
42596
42716
42840
42960
43084
43208
43328
43448
43572
43692
43816
43936
44060
44180
44304
44424
44544
44668
44788
44912
45032
45156
45276
45396
45516
45640
45760
45884
46004
46128
46248
46368
46488
46612
46732
46856
46976
47100
47220
47340
47464
47584
47704
47828
47948
48072
48192
48316
48440
48560
48680
48804
48924
49048
49168
49288
49412
49532
49656
49776
49900
50020
50144
50264
50388
50508
50628
50752
50872
50996
51116
51236
51360
51480
51604
51724
51848
51968
52092
52212
52336
52456
52580
52700
52820
52944
53064
53188
53308
53432
53552
53676
53796
53920
54040
54160
54284
54408
54528
54652
54772
54892
55016
55140
55260
55384
55504
55624
55744
55868
55988
56112
56236
56356
56476
56600
56720
56840
56964
57084
57208
57328
57452
57572
57692
57812
57936
58056
58180
58304
58424
58548
58668
58788
58912
59032
59156
59276
59400
59520
59640
59760
59884
60004
60124
60248
60368
60492
60616
60736
60856
60980
61100
61220
61344
61464
61588
61708
61832
61952
62076
62196
62320
62440
62564
62684
62804
62928
63048
63172
63292
63412
63536
63656
63780
63900
64024
64144
64268
64388
64512
64632
64756
64876
65000
65120
65240
65364
65484
72
192
312
436
556
680
800
924
1044
1168
1288
1412
1532
1656
1776
1900
2020
2144
2264
2388
2508
2632
2752
2876
2996
3120
3240
3364
3484
3604
3728
3848
3972
4092
4212
4332
4452
4576
4696
4820
4940
5064
5184
5304
5428
5548
5672
5792
5916
6036
6156
6280
6400
6524
6644
6764
6888
7008
7132
7256
7376
7496
7620
7740
7864
7984
8104
8228
8348
8472
8592
8712
8836
8956
9080
9200
9324
9444
9564
9688
9808
9928
10052
10172
10296
10416
10540
10660
10784
10904
11028
11148
11272
11392
11516
11636
11760
11880
12000
12124
12244
12368
12488
12608
12732
12852
12976
13096
13220
13340
13464
13584
13708
13828
13952
14072
14196
14316
14436
14560
14680
14800
14924
15048
15168
15288
15412
15532
15656
15776
15896
16020
16140
16264
16384
16504
16628
16748
16872
16992
17116
17236
17360
17480
17600
17724
17844
17968
18088
18212
18332
18452
18572
18696
18816
18940
19060
19184
19304
19428
19548
19668
19792
19912
20036
20156
20276
20400
20520
20644
20764
20888
21008
21132
21252
21376
21496
21620
21740
21860
21984
22104
22224
22348
22468
22592
22712
22836
22956
23080
23200
23320
23444
23564
23688
23808
23932
24052
24172
24296
24416
24540
24660
24780
24904
25028
25148
25272
25392
25516
25636
25756
25880
26000
26124
26248
26368
26492
26612
26732
26856
26916
26976
27100
27220
27344
27464
27584
27708
27828
27952
28072
28196
28316
28436
28556
28680
28800
28920
29044
29164
29288
29408
29532
29652
29772
29896
30016
30140
30260
30380
30504
30624
30748
30868
30992
31112
31232
31356
31480
31600
31724
31844
31964
32088
32208
32332
32452
32572
32696
32816
32940
33060
33180
33304
33424
33548
33668
33792
33912
34032
34156
34276
34396
34520
34640
34764
34884
35008
35132
35252
35376
35496
35620
35740
35864
35984
36104
36228
36348
36472
36592
36716
36836
36956
37080
37200
37324
37444
37568
37688
37808
37932
38052
38176
38296
38420
38540
38664
38784
38904
39028
39148
39272
39396
39516
39640
39760
39880
40004
40124
40248
40368
40492
40612
40732
40852
40976
41096
41220
41340
41464
41584
41704
41828
41948
42072
42192
42312
42436
42556
42680
42800
42920
43040
43164
43284
43408
43528
43652
43776
43896
44016
44140
44264
44384
44504
44624
44748
44868
44992
45112
45236
45356
45480
45600
45724
45844
45968
46088
46208
46332
46452
46572
46696
46816
46940
47060
47184
47304
47428
47548
47668
47792
47912
48036
48156
48280
48400
48524
48644
48768
48888
49008
49132
49252
49376
49496
49620
49740
49864
49984
50108
50228
50352
50472
50596
50716
50840
50960
51080
51208
51324
51448
51572
51692
51812
51932
52056
52176
52300
52420
52544
52664
52784
52908
53024
53148
53268
53392
53512
53636
53756
53880
54000
54120
54244
54364
54488
54608
54732
54852
54972
55096
55216
55336
55460
55580
55704
55824
55948
56068
56188
56312
56432
56556
56676
56796
56920
57040
57164
57284
57408
57528
57652
57772
57896
58016
58140
58260
58380
58504
58624
58744
58868
58988
59112
59232
59356
59480
59600
59720
59844
59964
60088
60208
60332
60452
60576
60696
60816
60940
61060
0
