19300
19380
19604
19828
20052
20272
20492
20716
20940
21164
21388
21612
21836
22056
22276
22500
22724
22948
23172
23396
23620
23840
24060
24284
24508
24732
24956
25180
25400
25620
25844
26064
26288
26512
26732
26956
27176
27400
27620
27844
28064
28288
28512
28732
28956
29180
29404
29628
29852
30072
30296
30520
30740
30964
31188
31408
31632
31856
32080
32304
32524
32748
32972
33196
33416
33640
33864
34084
34308
34528
34752
34976
35200
35424
35648
35872
36092
36316
36540
36764
36988
37212
37432
37656
37880
38100
38324
38548
38772
38996
39216
39440
39664
39888
40112
40336
40556
40784
41004
41228
41452
41676
41900
42124
42348
42572
42792
43016
43236
43460
43684
43908
44128
44352
44576
44800
45020
45244
45472
45692
45916
46136
46356
46580
46804
47028
47252
47476
47696
47920
48140
48364
48584
48808
49032
49252
49476
49696
49920
50140
50364
50588
50808
51032
51256
51480
51704
51924
52148
52368
52592
52816
53036
53260
53484
53704
53928
54152
54372
54596
54820
55040
55268
55488
55712
55932
56156
56376
56600
56824
57048
57272
57492
57716
57940
58164
58388
58612
58836
59060
59280
59504
59728
59952
60172
60396
60620
60840
61068
61288
61512
61736
61956
62180
62404
62628
62848
63072
63296
63520
63744
63968
64192
64412
64636
64860
65080
65304
65528
216
440
660
884
1108
1332
1552
1776
2000
2224
2448
2672
2892
3112
3336
3560
3780
4004
4228
4448
4672
4892
5112
5336
5560
5780
6004
6224
6448
6668
6892
7112
7336
7556
7780
8004
8228
8452
8676
8896
9120
9344
9564
9788
10008
10232
10456
10680
10900
11124
11348
11572
11792
12020
12240
12460
12684
12904
13128
13348
13572
13792
14016
14240
14464
14684
14908
15132
15356
15576
15800
16024
16248
16472
16692
16916
17140
17364
17588
17812
18032
18256
18480
18704
18924
19148
19372
19596
19816
20040
20264
20488
20712
20936
21160
21384
21604
21824
22048
22272
22492
22716
22940
23160
23384
23608
23832
24052
24276
24500
24724
24944
25168
25388
25612
25836
26060
26280
26504
26724
26948
27168
27392
27616
27836
28060
28280
28504
28724
28944
29168
29392
29612
29836
30056
30280
30504
30728
30948
31172
31396
31620
31840
32064
32284
32508
32732
32956
33180
33400
33624
33848
34068
34296
34516
34740
34964
35184
35408
35628
35852
36072
36296
36520
36744
36968
37192
37412
37636
37860
38084
38308
38528
38752
38976
39196
39420
39644
39864
40092
40312
40536
40760
40984
41204
41428
41652
41876
42100
42320
42544
42768
42992
43216
43440
43664
43888
44108
44332
44552
44776
45000
45224
45448
45668
45892
46116
46340
46560
46784
47008
47232
47452
47672
47896
48120
48344
48564
48788
49008
49232
49452
49676
49896
50120
50340
50564
50788
51008
51232
51452
51676
51900
52120
52344
52568
52792
53016
53240
53460
53684
53908
54128
54352
54572
54796
55020
55240
55464
55688
55912
56136
56356
56580
56804
57024
57248
57468
57692
57912
58136
58356
58580
58800
59024
59248
59472
59696
59920
60144
60364
60588
60812
61036
61260
61480
61704
61928
62152
62376
62596
62820
63044
63268
63488
63712
63936
64156
64380
64604
64828
65052
65276
65500
184
408
632
852
1072
1296
1520
1744
1968
2192
2412
2636
2860
3084
3304
3528
3752
3976
4196
4416
4640
4864
5088
5312
5536
5756
5976
6200
6420
6644
6864
7084
7308
7528
7752
7972
8200
8416
8640
8860
9084
9308
9532
9756
9980
10200
10424
10648
10868
11092
11312
11536
11760
11984
12208
12428
12652
12876
13096
13324
13544
13768
13992
14212
14432
14656
14876
15100
15324
15544
15768
15992
16216
16436
16660
16884
17108
17328
17552
17776
18000
18220
18444
18668
18892
19116
19336
19560
19784
20008
20228
20452
20676
20900
21124
21344
21568
21792
22016
22240
22464
22688
22912
23132
23352
23576
23800
24024
24244
24468
24692
24912
25136
25360
25580
25804
26028
26252
26472
26692
26916
27140
27364
27588
27808
28028
28252
28476
28696
28920
29140
29364
29584
29808
30028
30252
30476
30696
30920
31140
31364
31588
31812
32032
32256
32480
32700
32924
33144
33368
33588
33812
34032
34256
34480
34704
34928
35148
35372
35596
35820
36040
36264
36488
36708
36932
37156
37376
37600
37824
38048
38272
38492
38716
38940
39164
39388
39608
39832
40056
40276
40500
40724
40944
41168
41392
41616
41836
42060
42284
42508
42732
42952
43176
43400
43624
43844
44072
44296
44520
44740
44964
45188
45408
45632
45852
46076
46300
46524
46748
46968
47192
47416
47640
47860
48084
48308
48532
48752
48972
49196
49420
49644
49864
50088
50308
50532
50752
50976
51196
51420
51640
51864
52084
52308
52528
52752
52972
53196
53416
53644
53864
54088
54312
54536
54756
54980
55204
55424
55648
55868
56092
56316
56540
56760
56984
57208
57428
57652
57876
58100
58320
58544
58764
58988
59208
59432
59652
59876
60096
60320
60544
60768
60992
61216
61436
61660
61884
62108
62328
62552
62776
62996
63220
63444
63668
63888
64112
64336
64560
64780
65004
65228
65452
136
360
584
808
1032
1256
1480
1700
1924
2144
2368
2588
2812
3036
3256
3480
3704
3924
4148
4372
4596
4820
5040
5264
5484
5704
5928
6152
6376
6600
6820
7040
7264
7488
7708
7932
8152
8376
8596
8820
9040
9260
9484
9704
9928
10148
10372
10596
10820
11044
11264
11488
11708
11932
12152
12376
12596
12820
13044
13268
13488
13712
13936
14160
14380
14608
14828
15052
15276
15496
15716
15940
16164
16384
16608
16832
17056
17276
17500
17724
17948
18168
18392
18616
18840
19060
19284
19504
19728
19952
20176
20396
20620
20844
21068
21288
21512
21736
21960
22180
22404
22628
22852
23076
23300
23524
23748
23968
24192
24412
24636
24860
25080
25304
25528
25752
25972
26196
26420
26640
26864
27088
27312
27532
27756
27976
28196
28420
28644
28868
29088
29308
29532
29756
29976
30200
30420
30644
30864
31088
31308
31532
31752
31976
32200
32420
32644
32868
33092
33316
33536
33760
33980
34204
34428
34648
34872
35092
35316
35540
35764
35984
36208
36432
36652
36876
37100
37320
37544
37768
37988
38212
38432
38656
38880
39100
39324
39548
39772
39992
40216
40440
40664
40888
41112
41332
41556
41780
42004
42224
42448
42672
42892
43116
43340
43564
43784
44008
44232
44452
44676
44900
45124
45348
45572
45796
46016
46240
46464
46684
46908
47128
47352
47576
47800
48020
48244
48464
48688
48912
49136
49360
49584
49808
50028
50248
50472
50696
50920
51140
51364
51584
51808
52028
52248
52472
52692
52916
53136
53360
53580
53804
54024
54248
54468
54692
54916
55136
55360
55584
55808
56028
56252
56476
56696
56920
57140
57364
57584
57808
58032
58256
58476
58700
58924
59148
59372
59592
59816
60036
60260
60480
60704
60924
61148
61372
61596
61820
62040
62264
62488
62708
62932
63156
63380
63600
63824
64048
64268
64492
64716
64940
65160
65384
72
292
516
740
960
1184
1408
1632
1856
2080
2304
2528
2748
2972
3196
3416
3640
3864
4084
4308
4532
4752
4976
5196
5420
5644
5868
6092
6312
6536
6756
6976
7200
7424
7648
7868
8092
8312
8536
8756
8976
9200
9424
9644
9868
10088
10312
10532
10756
10976
11200
11420
11644
11868
12092
12316
12536
12760
12980
13204
13428
13648
13868
14092
14316
14540
14760
14984
15208
15428
15652
15876
16096
16320
16540
16764
16984
17208
17428
17652
17876
18096
18320
18544
18768
18988
19212
19436
19660
19884
20108
20328
20552
20772
20996
21220
21440
21664
21888
22108
22332
22556
22776
23000
23224
23444
23668
23892
24116
24340
24560
24784
25008
25232
25452
25672
25896
26120
26344
26568
26788
27012
27236
27456
27680
27904
28128
28348
28572
28796
29016
29236
29460
29680
29904
30128
30352
30568
30792
31012
31236
31456
31680
31900
32124
32344
32568
32788
33012
33232
33456
33676
33900
34124
34348
34572
34792
35016
35236
35460
35684
35904
36128
36348
36572
36796
37016
37240
37464
37684
37908
38132
38356
38576
38800
39020
39240
39464
39684
39908
40132
40352
40576
40800
41024
41244
41468
41692
41916
42136
42360
42584
42804
43028
43252
43476
43696
43920
44144
44364
44592
44812
45036
45256
45480
45704
45928
46148
46372
46596
46820
47044
47268
47488
47712
47932
48156
48376
48600
48824
49044
49268
49492
49712
49936
50160
50384
50608
50828
51052
51272
51492
51716
51940
52164
52384
52608
52828
53052
53272
53496
53716
53940
54160
54384
54604
54828
55048
55268
55492
55712
55936
56160
56380
56604
56828
57048
57272
57492
57716
57940
58160
58384
58604
58828
59052
59272
59496
59720
59940
60164
60388
60612
60832
61056
61276
61500
61724
61944
62168
62392
62612
62836
63060
63284
63504
63728
63952
64172
64396
64620
64844
65064
65288
65512
196
420
644
864
1088
1312
1532
1756
1980
2200
2424
2648
2868
3092
3316
3540
3764
3988
4212
4432
4652
4876
5100
5324
5548
5768
5992
6216
6436
6660
6884
7104
7328
7552
7776
7996
8216
8436
8660
8884
9108
9328
9548
9772
9992
10216
10436
10660
10880
11104
11324
11548
11768
11992
12212
12436
12656
12880
13104
13328
13552
13772
13996
14216
14440
14660
14884
15104
15328
15548
15772
15996
16216
16440
16664
16884
17108
17332
17552
17776
17996
18220
18440
18660
18884
19108
19328
19552
19776
19996
20220
20444
20668
20888
21112
21336
21560
21780
22004
22228
22448
22672
22896
23116
23340
23564
23784
24008
24232
24452
24676
24900
25120
25344
25568
25792
26016
26236
26460
26684
26900
27124
27348
27568
27792
28016
28240
28460
28684
28904
29128
29352
29576
29796
30020
30244
30464
30684
30908
31132
31356
31576
31796
32020
32240
32464
32684
32904
33128
33348
33568
33792
34012
34236
34456
34680
34900
35124
35344
35568
35792
36016
36236
36460
36684
36904
37128
37348
37572
37792
38016
38240
38464
38684
38908
39128
39352
39576
39796
40020
40240
40464
40684
40908
41128
41352
41572
41796
42020
42244
42464
42688
42912
43132
43356
43580
43800
44024
44244
44468
44692
44912
45136
45360
45580
45804
46028
46248
46472
46696
46920
47144
47364
47588
47812
48036
48260
48484
48704
48928
49148
49368
49592
49816
50040
50260
50480
50704
50924
51148
51372
51596
51820
52040
52264
52484
52704
52928
53148
53372
53596
53820
54040
54260
54480
54704
54924
55148
55368
55592
55812
56036
56256
56480
56700
56924
57144
57368
57592
57812
58036
58260
58480
58704
58924
59148
59368
59588
59812
60032
60256
60480
60700
60924
61148
61368
61592
61816
62036
62260
62480
62704
62924
63148
63368
63592
63816
64040
64260
64484
64708
64932
65152
65376
64
288
508
732
952
1176
1400
1620
1844
2068
2288
2512
2736
2956
3180
3404
3624
3848
4072
4292
4516
4740
4964
5188
5412
5632
5852
6076
6296
6520
6744
6968
7188
7412
7632
7856
8080
8304
8528
8748
8972
9192
9412
9636
9860
10084
10304
10528
10748
10968
11188
11412
11632
11856
12076
12296
12520
12740
12964
13184
13408
13628
13852
14072
14296
14520
14744
14964
15188
15408
15632
15856
16076
16300
16520
16744
16968
17188
17416
17636
17856
18080
18304
18524
18748
18968
19192
19412
19636
19856
20080
20300
20524
20744
20968
21192
21412
21636
21860
22080
22304
22528
22748
22972
23196
23416
23640
23864
24088
24308
24532
24756
24976
25200
25424
25648
25868
26092
26316
26536
26760
26984
27208
27432
27656
27876
28096
28316
28540
28764
28984
29208
29428
29652
29872
30096
30320
30540
30764
30988
31212
31432
31652
31872
32096
32320
32544
32764
32984
33208
33428
33652
33876
34096
34316
34540
34760
34984
35204
35428
35648
35868
36092
36312
36536
36760
36984
37204
37424
37648
37872
38092
38312
38532
38756
38980
39200
39424
39648
39872
40092
40316
40540
40760
40984
41208
41428
41648
41872
42096
42316
42540
42760
42984
43208
43432
43652
43876
44100
44324
44544
44768
44988
45212
45436
45656
45876
46100
46324
46548
46768
46992
47212
47436
47660
47884
48104
48328
48552
48772
48996
49220
49444
49668
49892
50112
50332
50556
50776
51000
51224
51448
51668
51892
52112
52336
52560
52780
53004
53228
53452
53672
53892
54112
54336
54560
54784
55004
55224
55444
55668
55888
56112
56332
56556
56776
56996
57220
57440
57664
57884
58108
58328
58552
58776
58996
59220
59444
59664
59888
60112
60332
60556
60776
60996
61220
61444
61664
61888
62112
62332
62556
62780
63000
63220
63444
63664
63884
64108
64328
64552
64772
64996
65220
65440
128
348
572
796
1020
1240
1464
1688
1908
2132
2356
2576
2800
3024
3244
3468
3692
3912
4132
4356
4580
4800
5024
5248
5472
5692
5916
6140
6364
6588
6808
7028
7248
7472
7696
7920
8140
8360
8584
8804
9028
9252
9472
9696
9920
10144
10364
10584
10804
11028
11252
11476
11696
11916
12140
12360
12580
12804
13024
13248
13468
13688
13912
14132
14352
14576
14796
15020
15240
15464
15688
15908
16132
16352
16576
16800
17020
17244
17464
17688
17908
18132
18352
18576
18800
19020
19244
19468
19688
19908
20132
20352
20576
20796
21020
21240
21464
21684
21908
22132
22356
22576
22800
23024
23244
23468
23692
23912
24136
24356
24580
24800
25024
25248
25468
25692
25912
26136
26360
26580
26804
27024
27248
27472
27696
27920
28140
28364
28588
28812
29032
29252
29476
29700
29920
30144
30364
30588
30808
31032
31252
31476
31700
31924
32144
32368
32588
32808
33028
33252
33476
33700
33920
34140
34364
34584
34804
35028
35248
35468
35692
35912
36136
36356
36580
36800
37024
37244
37468
37688
37912
38136
38356
38580
38800
39024
39244
39468
39688
39912
40132
40356
40576
40800
41020
41244
41464
41688
41912
42132
42356
42576
42796
43020
43240
43460
43684
43908
44128
44352
44576
44796
45020
45244
45468
45688
45912
46132
46356
46580
46800
47024
47244
47468
47688
47912
48136
48356
48576
48800
49024
49244
49468
49692
49912
50136
50360
50584
50804
51028
51248
51468
51692
51916
52136
52360
52584
52804
53028
53248
53472
53696
53916
54140
54364
54584
54804
55024
55248
55468
55692
55916
56136
56356
56580
56800
57020
57240
57464
57684
57908
58128
58348
58572
58792
59012
59236
59456
59680
59904
60124
60348
60572
60792
61012
61236
61460
61680
61900
62124
62348
62568
62792
63012
63236
63456
63680
63904
64124
64348
64568
64788
65012
65232
65452
140
360
584
808
1032
1252
1472
1696
1916
2140
2364
2588
2808
3032
3252
3476
3696
3920
4144
4364
4588
4808
5032
5252
5476
5700
5920
6144
6364
6588
6812
7036
7260
7480
7704
7924
8144
8368
8588
8812
9036
9256
9480
9700
9920
10144
10368
10588
10812
11036
11256
11476
11696
11920
12144
12364
12588
12812
13028
13252
13472
13692
13916
14140
14360
14580
14800
15024
15244
15468
15688
15908
16132
16352
16576
16800
17024
17244
17464
17684
17908
18128
18352
18572
18796
19016
19240
19464
19684
19904
20128
20348
20572
20796
21016
21236
21460
21680
21900
22124
22344
22568
22788
23012
23236
23456
23680
23904
24124
24348
24568
24792
25012
25236
25456
25680
25900
26124
26348
26568
26792
27012
27236
27456
27680
27900
28124
28348
28568
28792
29012
29236
29460
29680
29904
30124
30344
30568
30792
31016
31240
31460
31684
31904
32124
32348
32568
32792
33016
33236
33460
33680
33900
34120
34344
34564
34788
35012
35228
35452
35672
35892
36116
36336
36556
36776
37000
37220
37444
37664
37884
38108
38328
38552
38772
38996
39220
39440
39664
39884
40108
40328
40552
40772
40996
41216
41440
41660
41884
42104
42328
42548
42772
42992
43216
43436
43656
43876
44100
44320
44540
44764
44984
45208
45428
45652
45872
46096
46320
46540
46764
46988
47208
47432
47652
47876
48096
48320
48544
48764
48988
49208
49432
49652
49876
50100
50320
50544
50764
0
