12480
12656
12828
13000
13172
13344
13516
13688
13864
14032
14208
14376
14548
14720
14892
15064
15236
15408
15580
15748
15924
16092
16264
16436
16608
16780
16952
17120
17292
17464
17636
17808
17980
18152
18324
18496
18668
18840
19012
11968
12140
12312
12480
12656
12828
13000
13172
13344
13516
13688
13864
14032
14208
14376
14548
14720
14892
15064
15236
15408
15580
15748
15924
16092
16264
16436
16608
16780
16952
17120
17292
17464
17636
17808
17980
18152
18324
18496
18668
18840
19012
11968
12140
12312
12480
12656
12828
13000
13172
13344
13516
13688
13864
14032
14208
14376
14548
14720
14892
15064
15236
15408
15580
15748
15924
16092
16264
16436
16608
16780
16952
17120
17292
17464
17636
17808
17980
18152
18324
18496
18668
18840
19012
19300
19340
19488
19632
19776
19924
20072
20216
20360
20508
20652
20800
20944
21088
21232
21380
21524
21668
21812
21956
22100
22244
22388
22536
22680
22824
22968
23112
23256
23400
23548
23692
23836
23980
24128
24272
24416
24560
24708
24852
24996
25144
25288
25432
25576
25720
25868
26012
26156
26304
26448
26592
26736
26880
27028
27172
27316
27460
27604
27748
27896
28040
28188
28332
28476
28620
28764
28908
29056
29200
29344
29492
29636
29780
29924
30068
30212
30356
30500
30648
30792
30936
31080
31224
31368
31516
31660
31808
31952
32096
32240
32384
32528
32676
32820
32964
33108
33256
33400
33544
33688
33836
33980
34124
34272
34416
34564
34712
34856
35000
35144
35292
35436
35580
35728
35872
36016
36160
36304
36452
36596
36740
36884
37028
37176
37316
37464
37608
37752
37896
38040
38184
38328
38472
38620
38764
38912
39056
39200
39344
39492
39636
39784
39928
40072
40216
40360
40504
40652
40796
40940
41084
41232
41376
41520
41664
41808
41956
42100
42244
42388
42536
42680
42824
42968
43116
43260
43400
43548
43692
43836
43984
44128
44272
44416
44560
44704
44852
44996
45140
45288
45432
45576
45720
45864
46012
46156
46300
46448
46592
46736
46880
47024
47172
47316
47460
47604
47748
47896
48040
48184
48328
48476
48620
48764
48912
49056
49200
49348
49492
49636
49780
49924
50068
50212
50360
50504
50648
50792
50936
51084
51228
51372
51520
51664
51808
51952
52100
52240
52388
52532
52676
52820
52964
53112
53256
53400
53544
53688
53836
53980
54124
54272
54416
54560
54704
54848
54992
55140
55284
55428
55572
55720
55864
56008
56152
56296
56440
56588
56732
56876
57024
57168
57312
57460
57604
57748
57892
58036
58184
58328
58472
58616
58760
58904
59048
59192
59340
59484
59628
59772
59920
60064
60208
60352
60500
60644
60792
60936
61080
61224
61368
61512
61660
61804
61948
62092
62236
62384
62528
62672
62816
62960
63108
63252
63400
63544
63692
63836
63980
64128
64272
64420
64564
64708
64852
64996
65144
65288
65432
40
184
332
476
620
768
912
1056
1200
1344
1488
1632
1776
1920
2068
2212
2356
2504
2648
2792
2940
3084
3228
3372
3520
3664
3808
3952
4104
4244
4388
4536
4680
4824
4968
5116
5260
5404
5552
5696
5840
5984
6132
6276
6420
6568
6712
6856
7000
7144
7292
7436
7580
7724
7868
8012
8160
8304
8448
8592
8740
8884
9028
9172
9316
9464
9608
9756
9900
10044
10188
10332
10476
10624
10768
10912
10992
11056
11204
11348
11492
11636
11784
11928
12072
12220
12364
12512
12660
12804
12948
13096
13240
13388
13532
13676
13820
13964
14112
14256
14400
14544
14692
14836
14980
15124
15272
15416
15560
15704
15848
15992
16136
16280
16428
16572
16716
16864
17008
17152
17300
17444
17592
17736
17880
18024
18168
18316
18460
18604
18752
18896
19040
19188
19332
19476
19620
19768
19912
20056
20200
20348
20492
20636
20784
20928
21072
21216
21360
21504
21652
21796
21944
22088
22232
22376
22520
22664
22808
22956
23100
23248
23392
23536
23680
23824
23968
24116
24260
24408
24552
24696
24840
24984
25132
25276
25420
25568
25712
25856
26000
26144
26292
26436
26580
26728
26872
27020
27164
27312
27456
27600
27744
27888
28036
28180
28324
28468
28612
28756
28900
29048
29192
29336
29484
29628
29772
29916
30060
30204
30348
30496
30640
30784
30928
31076
31220
31368
31512
31656
31800
31948
32092
32236
32380
32528
32672
32816
32960
33108
33252
33396
33540
33688
33832
33976
34120
34268
34412
34556
34700
34848
34992
35140
35284
35428
35572
35716
35860
36008
36152
36296
36444
36588
36732
36876
37020
37164
37312
37456
37604
37748
37896
38036
38180
38324
38472
38616
38764
38908
39052
39200
39344
39488
39632
39776
39924
40068
40212
40356
40500
40644
40792
40936
41080
41228
41372
41520
41664
41808
41956
42100
42244
42388
42536
42680
42824
42968
43116
43260
43404
43548
43692
43840
43984
44128
44276
44420
44564
44708
44852
44996
45144
45288
45432
45576
45724
45868
46012
46160
46304
46448
46592
46740
46884
47028
47172
47316
47464
47608
47756
47900
48044
48188
48336
48480
48624
48768
48912
49060
49204
49348
49496
49640
49788
49932
50076
50220
50364
50512
50656
50800
50948
51092
51236
51380
51524
51668
51816
51960
52104
52248
52396
52540
52680
52828
52972
53120
53264
53412
53556
53700
53844
53988
54136
54280
54424
54568
54716
54860
55004
55148
55292
55440
55584
55728
55876
56020
56168
56312
56460
56604
56748
56892
57040
57184
57328
57476
57620
57764
57908
58052
58196
58344
58488
58636
58776
58924
59068
59212
59356
59500
59644
59792
59936
60080
60228
60372
60516
60660
60804
60952
61096
61244
61388
61532
61676
61824
61968
62112
62260
62404
62548
62696
62840
62984
63132
63276
63420
63568
63712
63856
64004
64148
64292
64440
64584
64728
64872
65016
65164
65308
65456
64
208
352
496
640
784
932
1076
1220
1368
1512
1652
1800
1944
2092
2236
2384
2528
2672
2816
2960
3108
3252
3396
3544
3688
3832
3976
4120
4268
4412
4556
4704
4848
4996
5140
5284
5432
5576
5720
5864
6012
6156
6300
6444
6588
6732
6880
7024
7168
7312
7460
7604
7748
7896
8040
8184
8328
8472
8616
8764
8908
9052
9196
9344
9488
9636
9780
9928
10072
10216
10360
10508
10652
10796
10944
11088
11232
11376
11524
11668
11812
11960
12104
12248
12396
12540
12684
12832
12976
13124
13268
13412
13560
13704
13848
13992
14136
14284
14428
14572
14716
14864
15004
15152
15296
15440
15588
15732
15880
16024
16168
16312
16456
16604
16748
16896
17040
17184
17328
17472
17620
17764
17908
18056
18200
18344
18488
18636
18780
18924
19072
19216
19364
19508
19656
19800
19944
20088
20232
20380
20524
20668
20812
20956
21100
21248
21392
21536
21680
21828
21972
22116
22260
22408
22552
22696
22840
22984
23132
23276
23420
23568
23712
23860
24004
24148
24296
24440
24584
24732
24876
25020
25164
25312
25456
25600
25748
25892
26036
26180
26328
26472
26616
26760
26908
27052
27196
27344
27488
27632
27780
27924
28068
28216
28360
28504
28648
28796
28940
29084
29228
29372
29516
29664
29808
29952
30100
30244
30392
30532
30676
30824
30968
31116
31260
31408
31552
31696
31840
31984
32132
32276
32420
32568
32712
32856
33000
33144
33292
33436
33580
33728
33872
34020
34164
34308
34452
34600
34744
34888
35032
35176
35324
35468
35612
35756
35900
36048
36192
36336
36484
36628
36772
36920
37064
37208
37352
37500
37644
37788
37932
38080
38224
38372
38516
38660
38808
38952
39100
39244
39388
39532
39676
39824
39968
40112
40260
40404
40548
40696
40840
40984
41132
41276
41424
41568
41712
41856
42004
42148
42296
42440
42584
42732
42872
43020
43164
43312
43456
43600
43744
43888
44036
44180
44324
44472
44616
44760
44908
45052
45196
45340
45488
45636
45780
45928
46072
46216
46360
46504
46652
46796
46940
47088
47232
47376
47520
47664
47808
47956
48100
48244
48392
48536
48684
48828
48972
49120
49264
49408
49556
49700
49844
49988
50136
50280
50424
50572
50716
50860
51008
51152
51296
51444
51588
51732
51876
52020
52164
52312
52456
52600
52744
52892
53036
53184
53328
53472
53620
53764
53908
54056
54200
54348
54492
54636
54784
54928
55072
55220
55364
55508
55656
55800
55948
56092
56236
56384
56528
56676
56820
56964
57112
57256
57400
57544
57692
57836
57984
58128
58272
58416
58560
58708
58852
58996
59144
59288
59436
59580
59724
59868
60016
60160
60308
60452
60596
60744
60888
61032
61180
61324
61468
61616
61760
61904
62048
62196
62340
62484
62632
62776
62924
63068
63216
63360
63504
63648
63796
63940
64084
64228
64376
64520
64664
64808
64956
65100
65244
65388
0
144
288
436
580
724
868
1016
1160
1308
1452
1596
1744
1888
2032
2180
2324
2472
2616
2764
2908
3052
3200
3344
3488
3632
3780
3924
4068
4216
4360
4504
4652
4796
4940
5088
5232
5380
5524
5668
5816
5960
6108
6252
6396
6540
6684
6832
6976
7124
7268
7412
7556
7704
7848
7992
8140
8284
8428
8576
8716
8864
9008
9156
9300
9448
9592
9736
9884
10028
10172
10320
10464
10600
10612
10752
10900
11044
11188
11332
11480
11624
11768
11916
12060
12208
12352
12496
12640
12788
12932
13076
13220
13364
13512
13656
13800
13944
14092
14236
14380
14528
14672
14816
14964
15108
15252
15396
15544
15688
15832
15976
16124
16268
16416
16560
16708
16852
16996
17144
17288
17432
17580
17724
17868
18012
18160
18304
18448
18596
18740
18884
19032
19176
19320
19468
19612
19756
19904
20048
20196
20340
20488
20632
20776
20920
21064
21208
21356
21500
21644
21792
21936
22080
22224
22372
22516
22664
22808
22952
23096
23240
23388
23532
23680
23824
23972
24116
24260
24404
24548
24696
24840
24984
25132
25276
25420
25564
25708
25852
26000
26144
26288
26436
26580
26728
26872
27020
27164
27308
27452
27600
27744
27888
28032
28180
28324
28468
28612
28760
28904
29048
29196
29340
29484
29628
29772
29920
30064
30208
30352
30496
30644
30788
30936
31080
31224
31372
31516
31664
31808
31952
32096
32244
32388
32532
32680
32824
32968
33112
33260
33404
33552
33696
33840
33988
34132
34276
34424
34568
34716
34860
35004
35152
35296
35440
35584
35728
35876
36020
36164
36312
36456
36600
36744
36888
37036
37180
37324
37472
37616
37760
37904
38052
38196
38344
38488
38632
38776
38924
39068
39212
39356
39504
39648
39792
39940
40084
40228
40372
40516
40664
40808
40956
41100
41248
41392
41536
41680
41828
41972
42116
42260
42404
42552
42696
42840
42984
43132
43276
43420
43564
43712
43856
44000
44144
44288
44432
44576
44724
44868
45012
45160
45304
45448
45596
45740
45884
46032
46176
46324
46468
46612
46756
46904
47048
47192
47340
47484
47628
47772
47920
48064
48208
48352
48500
48644
48788
48936
49080
49224
49372
49516
49660
49804
49948
50096
50240
50384
50532
50676
50820
50964
51108
51252
51400
51544
51688
51836
51980
52124
52268
52412
52560
52704
52852
52996
53140
53284
53432
53576
53720
53864
54008
54156
54300
54444
54588
54736
54880
55024
55168
55316
55460
55608
55752
55896
56040
56184
56332
56476
56620
56764
56908
57052
57196
57340
57488
57632
57776
57920
58068
58212
58356
58504
58648
58792
58936
59080
59228
59372
59516
59664
59808
59956
60100
60244
60388
60536
60680
60824
60968
61116
61260
61404
61548
61696
61840
61984
62128
62276
62420
62564
62708
62856
63000
63144
63292
63436
63580
63728
63872
64016
64160
64308
64448
64596
64740
64888
65032
65176
65320
65468
76
220
364
512
656
800
948
1092
1236
1380
1528
1672
1820
1964
2108
2252
2396
2540
2688
2832
2976
3120
3264
3412
3556
3700
3844
3988
4136
4280
4424
4572
4716
4860
5008
5152
5296
5440
5588
5732
5876
6020
6164
6312
6456
6600
6744
6888
7036
7180
7324
7468
7612
7756
7900
8048
8192
8336
8480
8624
8772
8916
9060
9208
9352
9496
9644
9788
9932
10080
10224
10368
10512
10656
10804
10948
11092
11240
11384
11528
11672
11816
11964
12108
12252
12400
12544
12688
12836
12980
13124
13268
13412
13556
13700
13848
13992
14136
14280
14424
14568
14716
14860
15004
15152
15296
15440
15584
15728
15872
16020
16164
16312
16456
16600
16744
16888
17032
17180
17324
17468
17612
17756
17904
18048
18192
18336
18480
18624
18772
18916
19064
19208
19352
19496
19640
19788
19932
20076
20220
20364
20508
20652
20800
20944
21088
21232
21376
21524
21668
21812
21956
22100
22244
22388
22536
22676
22824
22964
23112
23256
23400
23548
23692
23836
23984
24128
24272
24420
24564
24708
24852
24996
25144
25288
25432
25576
25720
25868
26012
26156
26300
26448
26592
26736
26880
27028
27172
27316
27460
27608
27752
27896
28040
28184
28328
28476
28620
28764
28908
29052
29196
29340
29488
29632
29776
29924
30068
30208
30356
30500
30648
30792
30940
31080
31228
31372
31516
31660
31804
31952
32096
32240
32384
32528
32672
32816
32960
33108
33252
33396
33544
33688
33832
33976
34120
34264
34408
34552
34696
34840
34988
35132
35276
35420
35564
35712
35856
36000
36148
36292
36436
36580
36724
36872
37012
37156
37304
37448
37592
37740
37884
38028
38172
38316
38464
38608
38752
38896
39040
39188
39332
39476
39620
39764
39912
40056
40200
40344
40488
40636
40780
40924
41068
41212
41360
41504
41648
41796
41940
42084
42228
42372
42516
42660
42808
42952
43096
43240
43388
43528
43676
43820
43964
44112
44256
44400
44544
44688
44832
44980
45124
45272
45416
45560
45704
45848
45992
46136
46280
46424
46572
46712
46860
47004
47148
47292
47436
47580
47728
47872
48020
48164
48308
48452
48600
48744
48888
49032
49176
49320
49468
49612
49756
49900
50044
50188
50332
50480
50624
50768
50912
51056
51200
51344
51488
51632
51776
51920
52064
52212
52356
52500
52644
52792
52936
53080
53228
53372
53516
53660
53804
53948
54096
54240
54384
54528
54672
54820
54964
55108
55252
55396
55544
55688
55832
55976
56120
56268
56412
56556
56700
56844
56988
57132
57276
57424
57568
57712
57856
58000
58144
58288
58432
58580
58724
58868
59012
59156
59300
59444
59592
59736
59884
60024
60168
60312
60456
60604
60748
60892
61036
61180
61328
61472
61616
61760
61904
62048
62196
62340
62484
62632
62776
62920
63064
63208
63352
63496
63640
63784
63928
64072
64220
64364
64508
64652
64796
64940
65084
65228
65372
65516
124
268
412
560
704
848
992
1136
1284
1428
1572
1716
1864
2008
2152
2296
2440
2588
2732
2876
3020
3168
3312
3456
3600
3744
3888
4032
4180
4324
4468
4612
4756
4904
5048
5192
5336
5480
5628
5768
5916
6060
6204
6352
6492
6636
6780
6924
7072
7216
7360
7504
7652
7796
7940
8084
8228
8372
8520
8664
8812
8952
9096
9240
9384
9532
9676
9820
9968
10112
10256
10400
10544
10688
10832
10976
11124
11272
11412
11560
11704
11848
11992
12136
12280
12424
12568
12712
12856
13000
13144
13288
13436
13580
13724
13868
14016
14160
14304
14448
14592
14736
14880
15024
15172
15316
15460
15604
15748
15892
16040
16184
16328
16472
16620
16764
16908
17052
17196
17340
17484
17632
17776
17920
18064
18212
18352
18500
18644
18788
18932
19076
19224
19368
19512
19656
19804
19948
20092
20236
20380
20524
20668
20816
20960
21104
21248
21392
21536
21684
21828
21972
22120
22264
22408
22552
22696
22840
22988
23132
23276
23420
23564
23708
23852
23996
24144
24288
24432
24576
24720
24864
25008
25152
25300
25444
25588
25736
25880
26024
26168
26316
26460
26604
26748
26892
27036
27184
27324
27472
27616
27760
27904
28048
28192
28340
28484
28628
28772
28916
29060
29204
29348
29492
29636
29780
29924
30072
30216
30360
30504
30648
30796
30940
31084
31228
31372
31520
31664
31808
31952
32100
32244
32388
32532
32676
32820
32968
33112
33256
33400
33544
33692
33836
33980
34124
34268
34416
34560
34700
34848
34992
35136
35284
35424
35568
35712
35856
36004
36148
36292
36436
36580
36728
36872
37012
37160
37304
37452
37596
37740
37884
38028
38172
38316
38460
38608
38752
38896
39040
39184
39328
39472
39616
39764
39908
40052
40200
40344
40488
40632
40776
40920
41068
41212
41356
41500
41644
41788
41932
42076
42220
42364
42508
42652
42800
42944
43088
43232
43376
43520
43664
43808
43952
44096
44240
44388
44532
44676
44820
44968
45112
45256
45404
45548
45692
45836
45980
46124
46268
46412
46560
46704
46848
46992
47136
47280
47428
47572
47716
47860
48004
48152
48296
48440
48584
48732
48876
49020
49160
49308
49452
49596
49744
49888
50032
50172
50316
50464
50608
50752
50896
51044
51188
51332
51476
51620
51764
51912
52056
52200
52344
52488
52632
52776
52924
53068
53212
53356
0
