19300
19472
19872
20268
20668
21068
21464
21856
22252
22648
23044
23440
23836
24232
24628
25020
25416
25812
26208
26604
27000
27392
27792
28188
28588
28984
29380
29776
30172
30572
30968
31364
31760
32156
32556
32952
33352
33748
34148
34544
34940
35336
35736
36128
36528
36924
37316
37716
38108
38504
38904
39296
39696
40096
40496
40892
41292
41688
42088
42484
42880
43276
43672
44068
44468
44864
45264
45664
46060
46460
46860
47256
47656
48056
48456
48856
49256
49652
50052
50456
50852
51256
51652
52052
52448
52844
53240
53636
54036
54436
54832
55232
55628
56024
56424
56824
57220
57620
58016
58416
58812
59204
59600
60000
60400
60796
61196
61588
61984
62380
62776
63172
63568
63964
64360
64756
65152
12
408
800
1196
1592
1988
2388
2784
3184
3580
3976
4368
4768
5164
5560
5952
6352
6748
7148
7544
7940
8336
8732
9128
9528
9924
10320
10716
11112
11508
11904
12300
12696
13096
13488
13888
14288
14688
15084
15484
15880
16276
16676
17072
17468
17864
18260
18660
19056
19452
19852
20248
20644
21048
21444
21840
22240
22640
23040
23440
23836
24236
24636
25036
25436
25836
26232
26632
27024
27420
27820
28220
28620
29016
29416
29812
30208
30608
31008
31404
31804
32200
32600
32996
33388
33784
34180
34580
34976
35376
35768
36164
36560
36952
37348
37744
38140
38536
38932
39328
39720
40116
40512
40908
41300
41700
42096
42496
42892
43288
43684
44080
44480
44876
45272
45668
46064
46460
46860
47256
47652
48048
48444
48840
49240
49636
50028
50424
50820
51212
51612
52004
52400
52796
53192
53592
53988
54388
54784
55184
55580
55980
56376
56772
57168
57564
57960
58360
58756
59156
59556
59952
60348
60748
61148
61544
61944
62344
62740
63140
63536
63936
64336
64736
65132
65532
392
788
1180
1580
1976
2376
2776
3172
3572
3968
4364
4764
5160
5560
5960
6356
6756
7148
7540
7936
8336
8736
9132
9532
9924
10320
10712
11108
11504
11896
12296
12688
13084
13480
13872
14268
14660
15056
15452
15848
16244
16640
17040
17436
17832
18224
18624
19020
19416
19808
20208
20604
21004
21400
21796
22196
22588
22984
23384
23780
24176
24572
24964
25360
25756
26152
26548
26944
27340
27736
28136
28536
28932
29328
29724
30124
30520
30916
31312
31708
32104
32500
32896
33296
33696
34092
34488
34888
35288
35684
36084
36484
36880
37284
37680
38080
38480
38876
39276
39676
40076
40472
40864
41260
41660
42056
42456
42852
43248
43644
44040
44440
44836
45236
45636
46032
46428
46824
47216
47612
48012
48408
48808
49204
49596
49992
50388
50780
51176
51576
51968
52364
52760
53156
53552
53948
54340
54736
55128
55524
55924
56320
56716
57112
57508
57904
58304
58696
59092
59488
59884
60280
60680
61076
61472
61868
62264
62656
63056
63452
63848
64244
64640
65036
65432
292
688
1084
1480
1880
2276
2676
3072
3472
3868
4264
4664
5060
5456
5852
6248
6644
7040
7436
7836
8232
8628
9028
9424
9824
10224
10624
11020
11420
11816
12216
12616
13016
13416
13812
14212
14608
15000
15400
15796
16196
16596
16992
17392
17788
18184
18580
18980
19376
19776
20172
20572
20964
21356
21752
22152
22548
22948
23344
23736
24132
24528
24920
25316
25712
26108
26504
26896
27292
27688
28084
28476
28872
29264
29664
30060
30456
30856
31252
31648
32040
32440
32836
33232
33624
34024
34420
34816
35216
35612
36008
36400
36796
37196
37588
37984
38380
38776
39168
39564
39960
40356
40752
41144
41544
41944
42344
42740
43140
43536
43932
44328
44728
45120
45516
45916
46312
46708
47104
47504
47900
48300
48700
49096
49492
49892
50292
50688
51088
51484
51884
52280
52680
53080
53476
53876
54272
54664
55060
55460
55856
56260
56652
57052
57448
57844
58244
58640
59040
59436
59832
60232
60628
61020
61416
61812
62212
62608
63008
63400
63792
64188
64580
64976
65372
228
624
1020
1416
1808
2204
2596
2992
3384
3780
4176
4576
4972
5368
5764
6156
6556
6948
7348
7740
8136
8532
8932
9328
9724
10124
10516
10912
11312
11708
12100
12496
12892
13288
13680
14076
14472
14868
15260
15660
16056
16456
16852
17248
17644
18040
18440
18836
19228
19624
20020
20420
20816
21212
21612
22008
22404
22808
23200
23600
24000
24396
24796
25196
25592
25992
26392
26792
27192
27588
27988
28384
28776
29172
29568
29964
30364
30760
31156
31552
31948
32348
32744
33144
33540
33936
34336
34728
35120
35516
35916
36312
36712
37108
37500
37896
38288
38684
39080
39476
39872
40268
40660
41056
41448
41844
42240
42632
43024
43420
43820
44216
44612
45008
45404
45796
46196
46588
46984
47376
47776
48172
48568
48964
49360
49756
50152
50548
50944
51340
51736
52132
52528
52924
53316
53712
54108
54504
54896
55296
55696
56096
56492
56888
57284
57680
58080
58476
58868
59264
59660
60056
60452
60848
61248
61640
62036
62436
62832
63232
63632
64028
64428
64824
65224
84
484
884
1280
1680
2080
2476
2868
3264
3660
4056
4460
4852
5252
5648
6044
6440
6840
7236
7632
8028
8428
8820
9212
9608
10004
10400
10796
11196
11584
11980
12376
12768
13164
13560
13952
14348
14744
15140
15532
15928
16320
16716
17108
17504
17900
18296
18696
19088
19484
19880
20276
20672
21068
21460
21856
22252
22652
23048
23440
23836
24232
24624
25024
25420
25812
26208
26600
26996
27392
27784
28180
28576
28968
29368
29764
30164
30560
30956
31352
31752
32148
32544
32936
33332
33728
34124
34520
34916
35316
35712
36108
36508
36904
37300
37700
38096
38492
38892
39288
39684
40084
40484
40880
41276
41676
42068
42460
42856
43256
43652
44052
44448
44844
45240
45632
46032
46432
46828
47224
47620
48020
48412
48804
49200
49596
49996
50392
50788
51180
51572
51968
52360
52752
53148
53540
53936
54328
54724
55116
55512
55904
56296
56688
57084
57484
57880
58276
58668
59064
59456
59856
60248
60644
61036
61432
61828
62228
62624
63016
63416
63808
64204
64600
64996
65388
252
644
1036
1432
1824
2220
2616
3008
3408
3804
4200
4596
4996
5392
5784
6184
6576
6968
7364
7760
8156
8552
8948
9348
9744
10140
10536
10932
11332
11728
12128
12524
12924
13320
13716
14116
14516
14912
15312
15708
16104
16496
16892
17288
17684
18080
18476
18872
19268
19660
20060
20456
20852
21252
21644
22044
22436
22828
23224
23620
24016
24412
24808
25200
25596
25988
26380
26776
27172
27564
27960
28356
28748
29144
29536
29928
30324
30716
31112
31504
31900
32300
32692
33088
33480
33876
34268
34664
35056
35452
35848
36244
36640
37036
37432
37824
38220
38616
39012
39404
39800
40196
40588
40984
41376
41772
42168
42560
42960
43360
43756
44152
44548
44944
45340
45736
46132
46524
46920
47312
47708
48104
48500
48896
49288
49684
50084
50480
50876
51276
51672
52072
52468
52864
53260
53660
54056
54456
54852
55252
55644
56036
56432
56828
57228
57624
58020
58416
58812
59208
59604
60000
60396
60792
61188
61584
61980
62368
62764
63160
63556
63952
64348
64740
65132
65524
380
776
1172
1564
1960
2352
2748
3140
3536
3928
4320
4712
5108
5504
5904
6300
6692
7088
7480
7876
8268
8664
9056
9452
9848
10248
10640
11032
11428
11824
12216
12612
13008
13400
13796
14188
14580
14976
15368
15764
16160
16552
16948
17348
17744
18140
18536
18932
19328
19724
20120
20512
20908
21300
21696
22092
22488
22888
23280
23676
24076
24472
24868
25264
25664
26060
26456
26852
27248
27648
28044
28440
28836
29236
29628
30020
30416
30812
31208
31608
32000
32396
32792
33184
33584
33980
34376
34776
35172
35568
35960
36352
36744
37144
37540
37936
38332
38720
39116
39508
39900
40296
40688
41080
41476
41868
42264
42656
43048
43440
43836
44228
44620
45016
45412
45808
46204
46596
46988
47384
47780
48172
48564
48960
49356
49752
50148
50544
50940
51332
51728
52124
52520
52912
53308
53700
54092
54488
54880
55276
55672
56064
56460
56860
57256
57648
58044
58440
58836
59232
59624
60020
60412
60808
61204
61596
61992
62392
62784
63180
63580
63976
64372
64768
65168
28
424
820
1220
1616
2016
2412
2808
3208
3600
3992
4388
4784
5180
5576
5972
6368
6760
7156
7552
7948
8344
8740
9136
9532
9924
10316
10708
11108
11504
11896
12296
12684
13080
13472
13864
14260
14656
15048
15440
15832
16228
16620
17016
17408
17800
18192
18588
18980
19376
19772
20168
20560
20952
21348
21740
22136
22524
22924
23316
23712
24108
24500
24896
25292
25684
26080
26476
26868
27264
27656
28048
28444
28836
29232
29628
30020
30420
30816
31212
31608
32004
32400
32796
33188
33584
33976
34372
34768
35160
35556
35952
36348
36740
37136
37532
37928
38324
38724
39120
39516
39912
40308
40704
41104
41504
41900
42296
42692
43088
43480
43876
44272
44668
45068
45460
45856
46252
46644
47044
47440
47836
48232
48628
49024
49416
49804
50200
50596
50992
51388
51784
52172
52568
52960
53352
53748
54140
54536
54928
55320
55716
56108
56500
56892
57288
57680
58076
58472
58868
59264
59656
60052
60444
60840
61232
61628
62016
62412
62808
63204
63600
63992
64388
64780
65176
36
428
820
1216
1608
2000
2396
2788
3180
3576
3968
4368
4764
5160
5556
5952
6348
6744
7140
7532
7924
8320
8716
9112
9504
9900
10300
10692
11088
11488
11884
12276
12676
13072
13468
13864
14260
14656
15056
15452
15848
16244
16640
17036
17424
17820
18216
18612
19012
19404
19800
20196
20588
20984
21384
21780
22176
22572
22968
23360
23752
24144
24540
24940
25332
25728
26120
26512
26904
27296
27692
28084
28480
28872
29264
29656
30048
30444
30836
31228
31620
32016
32408
32804
33200
33592
33988
34380
34776
35168
35564
35952
36348
36744
37140
37536
37928
38324
38716
39112
39508
39904
40296
40692
41084
41476
41868
42260
42656
43052
43444
43844
44240
44636
45028
45424
45820
46212
46608
47004
47396
47788
48184
48580
48972
49368
49764
50160
50556
50952
51348
51744
52140
52540
52936
53332
53728
54124
54524
54920
55316
55712
56112
56504
56896
57292
57688
58084
58480
58872
59268
59664
60056
60456
60848
61244
61640
62036
62432
62824
63216
63608
64008
64404
64796
65192
48
440
832
1224
1620
2016
2408
2804
3196
3588
3984
4376
4768
5160
5552
5948
6344
6740
7132
7528
7920
8312
8708
9100
9496
9884
10280
10672
11068
11464
11860
12252
12644
13040
13436
13832
14224
14620
15012
15404
15796
16188
16584
16980
17372
17772
18168
18564
18960
19356
19752
20148
20540
20936
21328
21724
22120
22512
22908
23300
23700
24092
24484
24884
25276
25672
26072
26468
26864
27260
27656
28052
28452
28848
29248
29644
30040
30432
30824
31220
31616
32012
32412
32804
33200
33596
33988
34384
34780
35176
35576
35968
36368
36756
37148
37540
37936
38332
38728
39124
39512
39908
40300
40688
41084
41480
41872
42264
42656
43052
43444
43836
44228
44624
45016
45408
45804
46200
46596
46992
47384
47776
48172
48564
48960
49348
49744
50140
50536
50932
51324
51720
52112
52504
52900
53296
53688
54080
54472
54864
55260
55652
56044
56440
56832
57228
57624
58024
58416
58812
59208
59604
60000
60392
60784
61180
61576
61968
62364
62756
63156
63548
63944
64344
64736
65132
65532
392
788
1184
1576
1976
2372
2768
3168
3564
3960
4352
4744
5136
5532
5928
6324
6720
7116
7508
7904
8300
8696
9092
9488
9884
10280
10672
11060
11456
11852
12248
12644
13040
13428
13824
14216
14608
15000
15392
15784
16180
16572
16964
17356
17752
18144
18536
18924
19320
19716
20112
20508
20900
21292
21684
22080
22472
22868
23256
23652
24048
24444
24836
25232
25624
26020
26412
26808
27200
27592
27988
28380
28772
29168
29560
29952
30348
30740
31140
31536
31932
32324
32720
33116
33508
33904
34300
34692
35084
35480
35876
36268
36660
37060
37452
37848
38244
38640
39036
39432
39828
40224
40624
41016
41412
41812
42208
42604
43004
43400
43792
44184
44580
44976
45372
45768
46160
46556
46952
47344
47740
48136
48528
48928
49320
49716
50108
50496
50892
51288
51684
52080
52476
52864
53256
53652
54044
54436
54832
55224
55616
56008
56404
56796
57188
57580
57976
58364
58760
59156
59552
59948
60340
60732
61124
61520
61912
62308
62696
63088
63484
63880
64272
64668
65060
65452
308
708
1100
1492
1888
2280
2672
3064
3456
3852
4248
4640
5040
5436
5832
6224
6624
7016
7412
7808
8200
8596
8988
9384
9776
10172
10564
10960
11352
11748
12144
12540
12936
13332
13728
14124
14520
14916
15312
15712
16108
16504
16900
17296
17692
18080
18476
18872
19268
19668
20060
20456
20852
21244
21640
22036
22432
22828
23224
23620
24012
24400
24796
25192
25584
25980
26376
26764
27156
27548
27940
28336
28728
29120
29512
29908
30300
30692
31084
31476
31872
32264
32656
33052
33448
33844
34236
34632
35024
35420
35812
36204
36596
36988
37384
37780
38176
38568
38960
39352
39748
40144
40536
40928
41324
41716
42108
42500
42892
43284
43680
44072
44468
44864
45260
45656
46052
46444
46840
47236
47632
48024
48416
48812
49208
49600
49996
50392
50784
51180
51576
51972
52368
52764
53160
53556
53952
54348
54744
55144
55540
55936
56332
56728
57120
57512
57904
58300
58696
59092
59484
59880
60276
60668
61064
61460
61856
62252
62648
63044
63432
63824
64216
64612
65008
65404
264
652
1048
1440
1832
2224
2616
3008
3404
3796
4188
4580
4972
5364
5756
6152
6540
6936
7332
7728
8120
8512
8904
9300
9692
10084
10476
10872
11264
11660
12056
12448
12840
13236
13628
14024
14416
14808
15204
15596
15988
16380
16772
17168
17564
17956
18352
18748
19144
19536
19936
20328
20720
21116
21512
21904
22296
22692
23084
23480
23872
24268
24660
25056
25452
25848
26244
26640
27036
27432
27832
28224
28620
29016
29416
29812
30208
30604
30996
31388
31784
32180
32576
32972
33364
33760
34152
34548
34944
35336
35732
36128
36524
36920
37308
37700
38092
38488
38884
39280
39676
40064
40456
40848
41240
41636
42028
42420
42816
43204
43600
43992
44384
44776
45168
45560
45956
46348
46744
47140
47532
47924
48316
48712
49104
49496
49888
50280
50676
51068
51464
51856
52252
52644
53036
53432
53824
54216
54612
55004
55396
55788
56180
56576
56972
57364
57760
58156
58552
58944
59344
59736
60132
60524
60920
61312
61708
62100
62496
62888
63284
63680
64072
64464
64864
65256
116
512
908
1304
1700
2092
2492
2888
3284
3680
4076
4472
4868
5256
5652
6048
6444
6844
7236
7632
8024
8416
8816
9208
9604
10000
10396
10792
11184
11572
11964
12360
12756
13152
13544
13932
14328
14720
15108
15504
15896
16288
16680
17072
17468
17860
18252
18644
19036
19428
19820
20216
20612
21008
21400
21792
22184
22584
22972
23368
23756
24152
24544
24940
25336
25728
26120
26516
26908
27304
27696
28088
28484
28872
29264
29656
30048
30440
30836
31228
31624
32020
32416
32808
33204
33600
33992
34388
34784
35176
35568
35964
36356
36752
37144
37544
37936
38332
38728
39124
39516
39912
40308
40704
41100
41496
41892
42288
42684
43084
43476
43872
44268
44656
45048
45444
45840
46236
46628
47024
47416
47812
48208
48604
48996
49392
49788
50184
50576
50964
51360
51752
52148
52544
52940
53328
53720
54112
54504
54896
55288
55680
56076
56464
56860
57252
57644
58032
58428
58816
59212
59608
60000
60396
60788
61184
61572
61972
62360
62756
63144
63540
63932
64328
64724
65116
65508
368
760
1152
1548
1940
2332
2724
3116
3508
3900
4296
4692
5084
5480
5876
6272
6664
7060
7456
7848
8244
8636
9028
9424
9816
10212
10604
10996
11392
11784
12180
12576
12972
13368
13764
14160
14556
14952
15348
15744
16140
16536
16932
17328
17724
18116
18508
18900
19296
19692
20092
20488
20876
21272
21664
22060
22452
22848
23244
23636
0
