8
4352
6136
7452
8540
9492
10356
11148
11884
12572
13224
13840
14428
14992
15532
16048
16548
17028
17496
17956
18396
18828
19248
19664
20068
20464
20852
21232
21604
21972
22336
22692
23044
23388
23728
24064
24392
24720
25040
25352
25664
25972
26276
26576
26872
27164
27452
27736
28020
28300
28576
28848
29116
29384
29652
29912
30172
30432
30688
30940
31192
31440
31688
31932
32180
32420
32660
32900
33136
33372
33604
33836
34068
34296
34520
34748
34976
35196
35420
35640
35860
36076
36292
36512
36724
36940
37152
37364
37576
37784
37992
38200
38404
38608
38812
39016
39216
39416
39620
39816
40016
40216
40412
40608
40804
40996
41192
41384
41576
41768
41956
42148
42336
42524
42712
42900
43084
43268
43452
43636
43820
44004
44184
44364
44548
44728
44904
45084
45260
45440
45616
45796
45968
46144
46320
46492
46668
46840
47012
47184
47352
47524
47696
47864
48032
48204
48368
48536
48704
48868
49036
49200
49364
49532
49696
49860
50024
50184
50348
50508
50672
50832
50992
51152
51312
51472
51632
51792
51952
52108
52268
52424
52580
52736
52892
53048
53208
53360
53516
53672
53828
53980
54136
54288
54444
54596
54748
54904
55056
55208
55360
55512
55660
55812
55960
56112
56264
56412
56564
56712
56864
57012
57164
57312
57460
57612
57760
57908
58056
58204
58352
58500
58648
58796
58944
59088
59236
59380
59528
59676
59820
59968
60112
60260
60404
60552
60696
60840
60984
61128
61272
61416
61564
61708
61852
61996
62140
62280
62424
62568
62708
62852
62996
63140
63280
63424
63564
63708
63848
63992
64132
64272
64416
64556
64696
64840
64980
65120
65260
65400
8
144
288
428
568
708
844
988
1128
1268
1404
1544
1684
1824
1960
2100
2240
2380
2516
2656
2796
2932
3072
3212
3348
3488
3624
3764
3900
4040
4176
4312
4452
4588
4724
4860
5000
5136
5272
5408
5544
5680
5816
5956
6092
6228
6364
6500
6636
6772
6908
7044
7180
7316
7452
7588
7724
7856
7992
8128
8260
8396
8532
8664
8800
8936
9072
9204
9340
9472
9608
9744
9876
10012
10144
10280
10412
10548
10680
10812
10948
11080
11212
11348
11480
11616
11748
11880
12012
12144
12280
12412
12544
12676
12808
12944
13076
13208
13340
13472
13604
13736
13868
14000
14132
14264
14396
14532
14660
14792
14924
15056
15188
15320
15452
15584
15716
15844
15976
16108
16240
16372
16504
16636
16764
16900
17028
17160
17292
17424
17552
17684
17816
17944
18076
18208
18336
18468
18600
18728
18860
18988
19120
19252
19380
19512
19644
19772
19904
20032
20164
20292
20424
20552
20684
20812
20940
21072
21200
21332
21460
21588
21720
21848
21980
22108
22236
22364
22496
22624
22752
22884
23012
23140
23268
23400
23528
23656
23788
23916
24044
24172
24300
24428
24560
24688
24816
24944
25072
25200
25328
25456
25584
25712
25840
25968
26096
26224
26352
26480
26608
26736
26864
26992
27120
27248
27376
27508
27636
27760
27888
28016
28144
28272
28400
28528
28656
28784
28912
29040
29168
29292
29424
29552
29676
29804
29932
30060
30188
30316
30444
30572
30696
30824
30952
31076
31204
31332
31460
31588
31712
31840
31968
32096
32220
32348
32476
32604
32732
32856
32984
33112
33236
33364
33492
33620
33744
33872
33996
34124
34252
34376
34504
34628
34756
34884
35008
35136
35260
35388
35516
35640
35768
35892
36020
36148
36272
36400
36524
36652
36776
36904
37028
37156
37280
37408
37532
37660
37784
37908
38036
38160
38288
38412
38540
38664
38788
38920
39040
39168
39292
39416
39544
39668
39796
39920
40044
40172
40296
40424
40548
40672
40800
40924
41048
41176
41300
41428
41552
41676
41804
41928
42056
42180
42304
42432
42556
42684
42808
42932
43060
43184
43308
43432
43556
43684
43808
43932
44060
44184
44308
44432
44560
44684
44808
44936
45064
45184
45308
45436
45560
45684
45808
45936
46060
46184
46308
46432
46560
46684
46808
46932
47056
47184
47308
47432
47556
47680
47804
47928
48056
48180
48304
48428
48552
48680
48804
48928
49052
49176
49300
49424
49548
49676
49800
49924
50048
50172
50296
50420
50544
50668
50792
50916
51040
51164
51288
51412
51536
51660
51784
51908
52032
52156
52280
52404
52528
52656
52780
52904
53028
53152
53276
53400
53524
53648
53772
53896
54020
54144
54268
54392
54516
54640
54764
54888
55012
55140
55264
55388
55512
55636
55756
55880
56004
56128
56252
56376
56500
56624
56748
56872
56996
57120
57244
57368
57492
57616
57740
57864
57988
58112
58236
58360
58484
58608
58732
58852
58976
59100
59224
59348
59472
59596
59720
59844
59964
60088
60212
60336
60460
60584
60708
60832
60956
61080
61204
61324
61448
61572
61696
61820
61944
62068
62188
62312
62436
62560
62684
0
