33956
33948
34020
34092
34168
34244
34320
34396
34472
34548
34624
34700
34772
34848
34924
35000
35076
35152
35228
35304
35380
35456
35532
35608
35684
35756
35832
35908
35984
36060
36136
36212
36284
36360
36436
36512
36588
36664
36740
36816
36892
36964
37040
37116
37192
37268
37344
37420
37496
37572
37648
37720
37796
37872
37948
38024
38100
38176
38252
38328
38400
38476
38552
38628
38704
38780
38856
38932
39008
39084
39160
39236
39312
39384
39460
39536
39612
39688
39764
39840
39916
39992
40064
40140
40216
40292
40368
40444
40520
40596
40672
40748
40824
40900
40972
41048
41124
41200
41276
41352
41428
41504
41580
41656
41732
41804
41880
41956
42032
42108
42184
42260
42332
42408
42488
42560
42636
42712
42788
42864
42940
43016
43092
43168
43244
43316
43392
43468
43544
43620
43696
43772
43848
43924
43996
44072
44148
44224
44300
44376
44452
44528
44600
44676
44752
44828
44904
44980
45056
45128
45208
45284
45356
45432
45508
45584
45660
45736
45812
45888
45964
46040
46112
46188
46264
46340
46416
46492
46568
46644
46720
46796
46872
46948
47024
47096
47172
47248
47324
47400
47476
47552
47628
47700
47776
47852
47928
48004
48080
48156
48232
48308
48384
48460
48536
48608
48688
48760
48836
48912
48988
49064
49140
49216
49292
49368
49440
49516
49592
49668
49744
49820
49896
49972
50048
50120
50200
50272
50348
50424
50500
50576
50652
50728
50804
50880
50952
51028
51104
51180
51256
51332
51408
51484
51556
51632
51708
51784
51860
51936
52012
52088
52164
52236
52312
52388
52464
52540
52616
52692
52768
52844
52916
52992
53068
53144
53220
53296
53372
53448
53524
53596
53672
53748
53824
53900
53976
54052
54128
54204
54280
54356
54432
54508
54584
54656
54732
54808
54884
54960
55036
55112
55188
55260
55340
55412
55488
55564
55640
55716
55792
55868
55944
56020
56096
56168
56248
56320
56396
56472
56548
56624
56700
56776
56852
56928
57000
57080
57152
57228
57304
57380
57456
57532
57608
57684
57760
57832
57912
57984
58060
58136
58212
58288
58364
58440
58516
58588
58664
58740
58816
58892
58968
59044
59120
59192
59268
59344
59420
59496
59572
59648
59724
59796
59872
59948
60024
60100
60176
60252
60328
60404
60480
60556
60628
60704
60780
60856
60932
61008
61084
61160
61236
61312
61384
61460
61536
61612
61688
61764
61840
61916
61992
62068
62144
62220
62292
62368
62444
62520
62596
62672
62748
62824
62896
62972
63052
63124
63200
63276
63352
63428
63504
63580
63656
63732
63808
63884
63956
64032
64108
64184
64260
64336
64412
64488
64564
64640
64712
64788
64864
64940
65016
65092
65168
65244
65320
65396
65472
8
88
160
236
312
388
464
540
616
688
764
840
916
992
1068
1144
1216
1292
1372
1444
1520
1596
1672
1748
1824
1896
1972
2048
2124
2200
2276
2352
2428
2504
2576
2656
2728
2804
2880
2956
3032
3108
3184
3260
3336
3408
3484
3560
3636
3712
3788
3864
3940
4016
4092
4168
4244
4316
4392
4468
4544
4620
4696
4772
4848
4924
5000
5076
5148
5224
5300
5376
5452
5528
5604
5680
5756
5832
5908
5984
6056
6132
6208
6284
6360
6436
6512
6588
6664
6740
6812
6888
6964
7040
7116
7192
7268
7344
7420
7496
7572
7644
7720
7796
7872
7948
8024
8100
8176
8252
8324
8400
8476
8552
8628
8704
8780
8852
8928
9004
9080
9156
9232
9308
9384
9456
9532
9608
9684
9760
9836
9912
9988
10064
10140
10216
10288
10364
10440
10516
10592
10668
10744
10820
10896
10972
11048
11120
11196
11272
11348
11424
11500
11576
11652
11728
11804
11880
11952
12028
12104
12180
12256
12332
12408
12484
12560
12636
12712
12784
12860
12940
13012
13088
13164
13240
13316
13392
13468
13544
13616
13692
13768
13844
13920
13996
14072
14148
14224
14300
14376
14448
14524
14600
14676
14752
14828
14904
14980
15056
15132
15208
15280
15356
15432
15508
15584
15660
15736
15812
15884
15960
16036
16112
16188
16264
16340
16416
16492
16564
16640
16716
16792
16868
16944
17020
17092
17168
17244
17320
17396
17472
17548
17624
17700
17776
17848
17924
18000
18076
18152
18228
18304
18380
18456
18532
18608
18684
18756
18832
18912
18984
19060
19136
19212
19288
19364
19440
19516
19588
19664
19740
19816
19892
19968
20044
20120
20196
20272
20348
20424
20496
20572
20648
20724
20800
20876
20952
21028
21104
21180
21252
21328
21404
21480
21556
21632
21708
21784
21860
21936
22008
22084
22160
22236
22312
22388
22464
22540
22616
22692
22768
22844
22916
22992
23068
23144
23220
23296
23372
23448
23520
23596
23672
23748
23824
23900
23976
24052
24124
24200
24276
24352
24428
24504
24584
24656
24728
24804
24880
0
