33964
33948
33956
34020
34080
34144
34204
34268
34328
34392
34452
34516
34576
34640
34700
34764
34824
34888
34948
35012
35072
35132
35196
35256
35320
35380
35444
35504
35568
35628
35692
35752
35816
35876
35940
36000
36064
36124
36188
36248
36312
36372
36436
36496
36560
36620
36684
36744
36808
36872
36932
36992
37056
37116
37180
37240
37304
37364
37428
37488
37552
37612
37676
37736
37800
37860
37924
37984
38048
38108
38172
38232
38296
38356
38420
38480
38544
38604
38668
38728
38792
38852
38916
38976
39040
39100
39164
39224
39288
39348
39408
39472
39536
39596
39660
39720
39784
39844
39908
39968
40032
40092
40156
40216
40280
40340
40400
40464
40524
40588
40648
40712
40772
40836
40896
40960
41020
41084
41144
41208
41268
41332
41392
41456
41516
41576
41640
41704
41764
41824
41888
41948
42012
42072
42136
42196
42260
42320
42384
42444
42508
42568
42632
42696
42756
42816
42880
42940
43004
43068
43128
43188
43252
43312
43376
43436
43500
43560
43624
43684
43748
43808
43872
43932
43996
44056
44120
44180
44244
44304
44368
44428
44492
44552
44616
44676
44740
44800
44864
44924
44988
45048
45112
45172
45236
45296
45360
45420
45484
45544
45608
45668
45732
45792
45856
45916
45980
46040
46104
46164
46228
46288
46352
46412
46476
46536
46600
46660
46724
46784
46848
46908
46972
47032
47092
47156
47216
47280
47340
47404
47464
47528
47588
47652
47712
47776
47836
47900
47960
48024
48084
48148
48208
48272
48332
48392
48456
48520
48580
48640
48704
48768
48828
48892
48952
49016
49076
49140
49200
49264
49324
49388
49448
49512
49572
49636
49696
49760
49820
49880
49944
50004
50068
50128
50192
50252
50316
50376
50440
50500
50564
50624
50688
50748
50812
50876
50936
50996
51060
51120
51184
51244
51308
51372
51432
51492
51556
51616
51680
51740
51804
51864
51928
51988
52052
52112
52176
52236
52300
52360
52424
52484
52548
52608
52672
52732
52796
52856
52920
52980
53044
53104
53168
53228
53288
53352
53412
53476
53536
53600
53660
53724
53784
53848
53908
53972
54032
54096
54156
54220
54280
54344
54404
54468
54528
54592
54652
54716
54776
54840
54900
54964
55024
55088
55148
55212
55272
55336
55396
55460
55520
55584
55644
55708
55768
55832
55892
55956
56016
56080
56140
56204
56264
56328
56388
56452
56512
56576
56636
56700
56760
56824
56884
56948
57008
57072
57132
57196
57256
57320
57380
57444
57504
57568
57628
57692
57752
57812
57876
57936
58000
58060
58124
58188
58248
58312
58376
58436
58496
58560
58620
58680
58744
58804
58868
58928
58992
59052
59116
59176
59240
59300
59364
59424
59488
59548
59612
59672
59736
59796
59860
59920
59980
60044
60108
60168
60228
60292
60352
60416
60476
60540
60600
60664
60724
60788
60848
60912
60972
61036
61096
61160
61220
61284
61348
61408
61472
61532
61592
61656
61720
61780
61840
61904
61964
62028
62088
62152
62212
62276
62336
62400
62460
62524
62584
62648
62708
62772
62832
62896
62956
63020
63080
63144
63204
63268
63328
63392
63452
63516
63576
63640
63700
63764
63824
63888
63948
64012
64072
64136
64196
64260
64320
64384
64444
64508
64568
64632
64692
64756
64816
64880
64940
65004
65064
65128
65188
65252
65312
65376
65436
65496
24
84
148
212
272
332
396
456
520
580
644
704
768
828
892
952
1016
1076
1140
1200
1264
1324
1388
1448
1508
1572
1636
1696
1760
1820
1880
1944
2004
2068
2132
2192
2256
2316
2380
2440
2504
2564
2628
2688
2752
2812
2876
2936
2996
3060
3120
3184
3248
3308
3368
3432
3496
3556
3616
3680
3740
3804
3868
3928
3988
4052
4112
4176
4236
4300
4360
4424
4484
4548
4608
4672
4732
4796
4856
4920
4980
5044
5104
5168
5228
5292
5352
5416
5476
5540
5600
5664
5724
5788
5848
5912
5972
6036
6096
6160
6220
6280
6344
6408
6468
6528
6592
6652
6716
6776
6840
6900
6964
7024
7088
7148
7212
7272
7336
7396
7460
7520
7584
7644
7708
7768
7832
7892
7956
8016
8080
8140
8204
8264
8328
8388
8452
8512
8576
8636
8700
8760
8824
8884
8948
9008
9072
9132
9196
9256
9320
9380
9444
9504
9568
9628
9692
9752
9816
9876
9940
10000
10064
10124
10188
10248
10312
10372
10436
10496
10560
10620
10684
10744
10808
10868
10928
10992
11052
11116
11180
11240
11304
11364
11428
11488
11552
11612
11676
11736
11800
11860
11924
11984
12044
12108
12168
12232
12296
12356
12416
12480
12540
12604
12664
12728
12788
12852
12912
12976
13036
13096
13160
13220
13284
13344
13408
13468
13532
13592
13656
13716
13780
13840
13904
13964
14028
14088
14152
14216
14276
14336
14400
14460
14524
14584
14648
0
