33956
33948
33968
34156
34348
34536
34724
34916
35108
35296
35484
35672
35864
36052
36240
36432
36620
36812
37000
37188
37376
37568
37756
37944
38136
38324
38516
38704
38896
39084
39276
39464
39652
39840
40032
40220
40408
40600
40788
40976
41168
41356
41544
41736
41924
42112
42304
42492
42684
42872
43064
43252
43440
43632
43820
44012
44200
44388
44576
44768
44956
45144
45336
45524
45712
45904
46092
46280
46472
46660
46848
47040
47228
47416
47608
47796
47984
48176
48364
48556
48744
48932
49120
49312
49500
49688
49880
50068
50256
50444
50636
50824
51012
51200
51392
51580
51772
51960
52148
52336
52524
52712
52904
53092
53280
53472
53660
53848
54040
54232
54420
54608
54796
54988
55176
55364
55556
55744
55932
56124
56312
56504
56692
56880
57068
57260
57448
57640
57832
58020
58208
58400
58588
58776
58964
59156
59344
59532
59724
59912
60100
60292
60480
60668
60860
61048
61240
61428
61620
61808
61996
62188
62376
62564
62756
62948
63136
63324
63512
63700
63892
64080
64272
64460
64648
64840
65028
65216
65404
60
248
436
628
816
1008
1196
1384
1576
1764
1952
2140
2332
2520
2708
2900
3088
3276
3468
3656
3844
4032
4224
4412
4600
4788
4980
5168
5360
5548
5736
5924
6112
6300
6492
6680
6872
7060
7248
7440
7628
7820
8008
8200
8384
8576
8764
8956
9144
9332
9524
9712
9900
10088
10280
10468
10660
10848
11040
11228
11420
11608
11796
11988
12176
12364
12552
12744
12932
13120
13312
13500
13688
13880
14068
14256
14448
14636
14828
15016
15204
15396
15584
15776
15964
16156
16344
16532
16724
16912
17100
17288
17480
17668
17856
18048
18240
18428
18616
18804
18992
19180
19372
19560
19752
19940
20128
20320
20508
20696
20888
21076
21264
21452
21644
21832
22024
22212
22400
22588
22780
22968
23156
23344
23532
23724
23912
24104
24292
24480
24668
24860
25048
25236
25424
25612
25804
25992
26184
26372
26564
26752
26940
27128
27320
27508
27696
27888
28076
28268
28456
28644
28832
29024
29212
29400
29592
29780
29972
30160
30352
30540
30728
30920
31108
31296
31484
31676
31864
32056
32244
32432
32620
32812
33000
33192
33380
33568
33760
33948
34140
34328
34516
34708
34896
35088
35276
35464
35656
35848
36032
36220
36412
36600
36788
36980
37168
37360
37548
37736
37924
38112
38304
38492
38684
38872
39060
39252
39440
39628
39820
40008
40196
40384
40576
40764
40956
41144
41332
41520
41708
41900
42088
42276
42464
42656
42844
43036
43224
43412
43600
43792
43980
44168
44356
44544
44736
44924
45112
45304
45496
45684
45872
46060
46252
46440
46628
46820
47008
47196
47388
47576
47768
47956
48144
48336
48524
48716
48904
49096
49284
49472
49664
49852
50040
50228
50416
50608
50796
50988
51176
51364
51552
51744
51932
52124
52312
52504
52692
52880
53072
53260
53448
53640
53828
54020
54208
54400
54588
54776
54964
55156
55344
55532
55720
55912
56100
56292
56480
56668
56856
57044
57236
57428
57616
57804
57992
58184
58376
58564
58752
58940
59128
59316
59508
59696
59888
60076
60264
60452
60644
60832
61020
61208
61396
61588
61776
61968
62156
62344
62536
62724
62912
63100
63288
63480
63668
63856
64048
64236
64428
64616
64804
64996
65184
65372
24
216
404
596
784
972
1164
1352
1540
1732
1920
2112
2300
2492
2680
2868
3060
3248
3436
3624
3812
4004
4192
4384
4572
4760
4952
5140
5328
5520
5708
5900
6088
6276
6468
6656
6848
7036
7224
7416
7604
7796
7984
8172
8360
8552
8740
8928
9116
9308
9500
9688
9876
10064
10252
10440
10632
10824
11012
11200
11388
11580
11768
11960
12148
12336
12524
12716
12904
13092
13284
13472
13660
13848
14040
14228
14416
14604
14792
14984
15172
15368
15552
15740
15932
16120
16308
16496
16684
16876
17064
17252
17444
17636
17824
18012
18200
18392
18580
18768
18956
19148
19336
19528
19716
19904
20096
20284
20472
20664
20852
21044
21232
21424
21612
21800
21992
22180
22368
22556
22748
22936
23124
23316
23504
23692
23884
24072
24260
24452
24640
24832
25020
25212
25400
25588
25780
25968
26156
26348
26540
26728
26916
27104
27292
27484
27672
27860
28052
28240
28432
28620
28808
28996
29188
29376
29564
29756
29944
30132
30324
30512
30700
30892
31080
31268
31456
31648
31836
32024
32216
32404
32592
32784
32972
33160
33352
33540
33728
33916
34108
34296
34484
34676
34864
35052
35240
35428
35620
35808
35996
36184
36376
36568
36756
36944
37136
37324
37512
37704
37896
38080
38272
38460
38648
38840
39028
39216
39408
39596
39784
39976
40164
40356
40544
40736
40924
41112
41300
41492
41680
41868
42060
42248
42436
42628
42816
43004
43196
43384
43576
43764
43952
44144
0
