33956
33948
34020
34160
34296
34432
34568
34708
34844
34980
35116
35252
35388
35528
35664
35800
35940
36076
36212
36348
36484
36620
36756
36896
37032
37168
37304
37444
37580
37716
37852
37988
38124
38264
38400
38536
38672
38812
38948
39084
39224
39360
39496
39632
39768
39908
40044
40180
40320
40456
40592
40728
40864
41004
41140
41276
41416
41552
41688
41828
41964
42100
42236
42376
42512
42648
42784
42920
43060
43196
43332
43468
43604
43744
43880
44016
44156
44292
44428
44568
44704
44840
44976
45116
45252
45388
45528
45664
45800
45936
46072
46212
46348
46484
46620
46760
46896
47032
47168
47304
47444
47580
47716
47856
47992
48128
48264
48404
48540
48676
48812
48948
49088
49224
49360
49500
49636
49772
49908
50044
50184
50316
50456
50592
50728
50864
51004
51140
51276
51412
51548
51684
51824
51960
52096
52232
52372
52508
52644
52784
52920
53056
53192
53328
53464
53604
53740
53876
54016
54152
54288
54424
54560
54700
54836
54972
55112
55248
55384
55524
55660
55796
55932
56072
56208
56344
56480
56616
56756
56892
57028
57164
57300
57440
57576
57716
57852
57988
58124
58264
58400
58536
58672
58812
58948
59084
59224
59360
59496
59632
59768
59908
60044
60180
60316
60456
60592
60728
60868
61000
61140
61276
61412
61552
61688
61824
61960
62100
62236
62372
62508
62648
62784
62920
63056
63196
63332
63468
63604
63740
63876
64012
64152
64288
64424
64560
64700
64836
64972
65108
65244
65380
65520
120
256
392
532
668
804
944
1080
1216
1352
1488
1624
1764
1900
2036
2176
2312
2448
2584
2724
2860
2996
3132
3272
3408
3544
3684
3820
3956
4092
4232
4368
4504
4640
4780
4916
5052
5188
5324
5464
5600
5736
5876
6012
6152
6288
6424
6560
6696
6832
6972
7108
7244
7384
7520
7656
7792
7932
8068
8204
8340
8476
8616
8752
8892
9028
9164
9300
9436
9572
9712
9848
9984
10124
10260
10396
10532
10668
10808
10944
11080
11216
11356
11492
11628
11764
11900
12036
12172
12312
12448
12584
12720
12860
12996
13132
13268
13404
13540
13680
13816
13952
14088
14228
14364
14500
14640
14776
14912
15048
15184
15320
15460
15596
15732
15872
16008
16144
16280
16420
16556
16692
16832
16968
17104
17244
17380
17516
17652
17792
17928
18064
18200
18336
18476
18612
18748
18884
19020
19160
19296
19432
19572
19708
19844
19984
20120
20256
20392
20528
20668
20804
20944
21080
21216
21352
21488
21624
21764
21900
22036
22172
22312
22448
22588
22724
22860
22996
23132
23268
23408
23544
23680
23816
23956
24092
24228
24364
24504
24640
24776
24912
25052
25188
25324
25460
25596
25732
25872
26008
26144
26280
26416
26556
26692
26828
26964
27100
27236
27376
27512
27648
27784
27924
28060
28196
28336
28472
28608
28744
28880
29020
29156
29292
29428
29568
29704
29840
29976
30116
30252
30388
30528
30664
30800
30940
31076
31212
31348
31488
31624
31760
31896
32036
32172
32308
32444
32580
32720
32856
32992
33128
33268
33404
33540
33680
33816
33952
34088
34228
34364
34500
34640
34776
34912
35048
35184
35324
35460
35596
35732
35872
36008
36144
36284
36420
36556
36692
36828
36964
37104
37240
37376
37516
37652
37788
37924
38064
38200
38336
38472
38608
38748
38884
39020
39156
39292
39432
39568
39704
39840
39976
40112
40252
40388
40524
40660
40796
40936
41072
41208
41344
41484
41620
41756
41892
42032
42168
42304
42440
42580
42716
42852
42988
43124
43264
43400
43536
43672
43812
43948
44084
44224
44360
44496
44636
44772
44908
45044
45184
45320
45456
45592
45728
45868
46004
46140
46276
46416
46552
46688
46824
46964
47100
47240
47376
47512
47648
47784
47924
48060
48196
48336
48472
48608
48744
48884
49020
49160
49292
49432
49568
49704
49844
49980
50116
50252
50388
50524
50660
50800
50936
51076
51212
51348
51484
51624
51760
51896
52032
52168
52308
52444
52580
52716
52856
52992
53128
53264
53400
53536
53672
53812
53948
54084
54220
54360
54496
54632
54768
54904
55040
55180
55316
55452
55588
55728
55864
56000
56136
56276
56412
56548
56684
56824
56960
57096
57232
57372
57508
57644
57780
57920
58056
58192
58332
58468
58604
58744
58880
59016
59152
59292
59428
59564
59700
59836
59976
60112
60248
60384
60524
60660
60796
60936
61072
61208
61344
61484
61620
61756
61892
62032
62168
62308
62444
62580
62716
62852
62988
63128
63264
63400
63540
63676
63812
63948
64084
64220
64360
64496
64636
64772
64908
65044
65184
65320
65456
56
192
328
468
604
740
880
1016
1152
1288
1424
1560
1696
1832
1972
2108
2244
2380
2520
2656
2792
2928
3064
3200
3340
3476
3612
3748
3888
4024
4160
4296
4436
4572
4708
4844
4984
5120
0
