33956
33948
34048
34156
34264
34372
34480
34588
34696
34804
34912
35020
35128
35236
35344
35452
35560
35668
35776
35884
35992
36100
36208
36316
36424
36532
36636
36744
36856
36960
37068
37176
37284
37392
37500
37612
37720
37828
37936
38044
38148
38260
38364
38472
38584
38688
38796
38904
39016
39124
39232
39340
39448
39556
39664
39772
39880
39988
40096
40204
40312
40420
40528
40636
40744
40852
40960
41068
41176
41284
41392
41500
41608
41720
41828
41936
42040
42152
42260
42368
42476
42584
42692
42800
42908
43016
43120
43232
43340
43448
43552
43664
43772
43880
43988
44096
44204
44312
44420
44528
44636
44744
44852
44960
45068
45176
45284
45392
45500
45608
45716
45824
45932
46040
46148
46256
46364
46472
46580
46684
46792
46900
47008
47116
47224
47332
47440
47548
47656
47764
47872
47980
48088
48196
48304
48412
48520
48628
48736
48844
48952
49060
49168
49276
49388
49492
49600
49708
49816
49924
50032
50140
50252
50360
50468
50576
50684
50792
50900
51008
51116
51224
51332
51440
51548
51656
51764
51872
51980
52088
52196
52304
52412
52520
52628
52736
52844
52952
53060
53168
53276
53384
53492
53600
53708
53816
53924
54032
54140
54248
54356
54464
54576
54684
54788
54896
55004
55112
55220
55332
55440
55548
55652
55764
55872
55980
56088
56196
56300
56412
56520
56628
56736
56844
56952
57060
57164
57272
57380
57488
57596
57704
57812
57920
58028
58136
58244
58352
58460
58568
58676
58784
58892
59000
59108
59216
59324
59432
59540
59648
59756
59864
59972
60080
60188
60296
60404
60512
60620
60728
60836
60944
61052
61164
61272
61380
61488
61596
61704
61812
61920
62028
62132
62244
62352
62460
62568
62676
62780
62892
63000
63108
63216
63324
63432
63540
63648
63756
63864
63972
64080
64188
64296
64404
64512
64620
64728
64836
64944
65052
65160
65268
65376
65484
56
164
272
380
488
596
704
812
920
1032
1136
1244
1352
1464
1568
1680
1784
1896
2004
2112
2216
2324
2432
2540
2648
2756
2864
2972
3080
3188
3296
3404
3512
3620
3728
3836
3944
4052
4160
4268
4376
4484
4592
4700
4808
4916
5024
5132
5240
5348
5456
5564
5672
5780
5888
5996
6104
6212
6320
6428
6536
6648
6756
6864
6972
7080
7184
7292
7400
7508
7616
7724
7832
7940
8048
8156
8264
8376
8484
8592
8700
8808
8916
9024
9132
9240
9348
9456
9564
9672
9780
9888
9996
10104
10212
10320
10428
10536
10644
10752
10860
10968
11076
11184
11292
11400
11508
11616
11724
11832
11940
12048
12156
12264
12372
12480
12588
12696
12804
12912
13020
13128
13236
13344
13452
13560
13668
13776
13884
13992
14100
14208
14316
14424
14532
14636
14744
14852
14964
15068
15176
15288
15396
15504
15612
15720
15828
15936
16044
16152
16260
16364
16472
16584
16692
16800
16908
17016
17124
17232
17340
17448
17556
17664
17772
17880
17988
18096
18204
18312
18420
18528
18636
18744
18852
18960
19068
19176
19284
19392
19504
19612
19720
19828
19936
20044
20152
20260
20368
20476
20584
20692
20800
20908
21016
21124
21232
21340
21448
21556
21664
21772
21880
21984
22096
22204
22312
22420
22528
22636
22744
22852
22960
23068
23176
23284
23392
23500
23608
23716
23824
23932
24040
24148
24256
24364
24468
24576
24688
24792
24900
25008
25116
25224
25332
25440
25548
25656
25764
25872
25980
26092
26200
26304
26412
26520
26632
26736
26844
26952
27060
27168
27276
27384
27492
27600
27708
27820
27928
28036
28144
28252
28360
28468
28576
28684
28792
28900
29008
29116
29224
29332
29440
29548
29656
29764
29872
29980
30088
30196
30304
30412
30520
30628
30736
30844
30952
31064
31172
31280
31384
31492
31600
31708
31816
31928
32032
32140
32252
32360
32464
32572
32680
32788
32896
33008
33112
33224
33332
33440
33548
33656
33764
33872
33980
34088
34196
34304
34412
34520
34628
34736
34844
34948
35060
35164
35272
35380
35488
35596
35704
35812
35920
36028
36136
36244
36352
36460
36568
36676
36784
36892
37000
37108
37216
37324
37432
37540
37648
37756
37864
37972
38080
38188
38296
38404
38512
38620
38728
38840
38948
39056
39164
39272
39380
39488
39596
39704
39812
39920
40028
40136
40244
40352
40460
40568
40676
40784
40892
41000
41108
41216
41324
41432
41540
41648
41756
41864
41972
42080
42188
42296
42404
42512
42620
42728
42836
42944
43052
43160
43268
43376
43484
43592
43700
43808
43916
44024
44132
44240
44352
44456
44568
44676
44780
44892
44996
45104
45212
45324
45428
45536
45644
45752
45860
45968
46076
46184
46292
46400
46508
46616
46724
46832
46940
47048
47156
47264
47372
47480
47588
47696
47804
47912
48020
48128
48236
48344
48452
48560
48668
48776
48884
48992
49100
0
