33964
33948
33956
34040
34128
34216
34308
34396
34484
34572
34660
34752
34840
34928
35016
35108
35196
35284
35372
35460
35552
35640
35728
35816
35904
35996
36084
36172
36260
36352
36440
36528
36616
36704
36792
36884
36972
37060
37148
37240
37328
37420
37508
37596
37684
37772
37860
37952
38040
38128
38216
38308
38396
38484
38572
38664
38752
38840
38928
39020
39108
39196
39288
39376
39464
39552
39644
39732
39820
39908
40000
40088
40176
40264
40352
40444
40532
40620
40708
40800
40888
40976
41068
41156
41244
41332
41424
41512
41600
41688
41780
41868
41956
42044
42132
42224
42312
42400
42488
42580
42668
42756
42844
42932
43024
43112
43200
43292
43380
43468
43556
43648
43736
43824
43912
44004
44092
44180
44268
44356
44448
44536
44624
44712
44800
44892
44980
45068
45156
45244
45336
45424
45512
45600
45688
45780
45868
45956
46044
46136
46224
46312
46400
46492
46580
46668
46756
46844
46936
47024
47112
47200
47292
47380
47468
47556
47648
47736
47824
47916
48004
48092
48184
48272
48360
48448
48540
48628
48716
48804
48892
48984
49072
49160
49248
49340
49428
49516
49604
49696
49784
49872
49960
50052
50140
50228
50320
50408
50496
50584
50672
50760
50852
50940
51028
51116
51208
51296
51384
51472
51564
51652
51740
51828
51920
52008
52096
52188
52276
52364
52452
52544
52632
52720
52808
52896
52988
53076
53164
53256
53344
53432
53520
53608
53696
53784
53876
53964
54052
54140
54232
54320
54408
54496
54584
54672
54764
54852
54940
55028
55120
55208
55296
55384
55476
55564
55652
55740
55832
55920
56008
56096
56188
56276
56364
56452
56544
56632
56720
56812
56900
56988
57080
57168
57256
57344
57432
57524
57612
57700
57788
57880
57968
58056
58144
58232
58324
58412
58500
58592
58680
58768
58860
58948
59036
59124
59212
59304
59392
59480
59568
59656
59748
59836
59924
60012
60104
60192
60280
60368
60460
60548
60636
60724
60816
60904
60992
61080
61172
61260
61348
61436
61528
61616
61704
61792
61884
61972
62060
62148
62236
62328
62416
62504
62592
62680
62772
62860
62948
63036
63124
63216
63304
63392
63480
63568
63660
63748
63836
63924
64016
64104
64192
64280
64372
64460
64548
64636
64728
64816
64904
64992
65084
65172
65260
65348
65440
65528
80
172
260
348
440
528
616
704
796
884
972
1060
1148
1240
1328
1416
1504
1592
1684
1772
1860
1952
2040
2128
2216
2308
2396
2484
2572
2664
2752
2840
2928
3020
3108
3196
3284
3372
3464
3552
3640
3728
3820
3908
3996
4084
4176
4264
4352
4440
4532
4620
4708
4796
4888
4976
5064
5152
5244
5332
5420
5508
5596
5688
5776
5864
5952
6040
6132
6220
6308
6396
6484
6576
6664
6752
6840
6928
7020
7108
7196
7284
7376
7464
7552
7640
7732
7820
7908
7996
8088
8176
8264
8352
8444
8532
8620
8708
8800
8888
8976
9068
9156
9244
9336
9424
9512
9600
9688
9780
9868
9956
10044
10132
10224
10312
10400
10488
10580
10668
10756
10848
10936
11024
11112
11204
11292
11380
11468
11560
11648
11736
11824
11912
12004
12092
12180
12268
12360
12448
12536
12624
12716
12804
12892
12980
13072
13160
13248
13336
13428
13516
13604
13692
13784
13872
13960
14048
14140
14228
14316
14404
14496
14584
14672
14760
14848
14936
15028
15116
15204
15292
15380
15472
15560
15648
15736
15824
15916
16004
16092
16180
16272
16360
16448
16536
16628
16716
16804
16892
16984
17072
17160
17248
17340
17428
17516
17604
17696
17784
17872
17964
18052
18140
18232
18320
18408
18496
18584
18676
18764
18852
18940
19032
19120
19208
19296
19384
19476
19564
19652
19744
19832
19920
20008
20100
20188
20276
20364
20456
20544
20632
20720
20808
20900
20988
21076
21164
21256
21344
21432
21520
21612
21700
21788
21876
21968
22056
22144
22232
22324
22412
22500
22592
22680
22768
22856
22944
23036
23124
23212
23300
23388
23480
23568
23656
23744
23832
23924
24012
24100
24188
24280
24368
24456
24544
24632
24720
24812
24900
24988
25076
25168
25256
25344
25432
25524
25612
25700
25788
25880
25968
26056
26144
26236
26324
26412
26500
26592
26680
26768
26860
26948
27036
27128
27216
27304
27392
27480
27572
27660
27748
27840
27928
28016
28104
28192
28280
28372
28460
28548
28640
28728
28816
28904
28996
29084
29172
29260
29352
29440
29528
29616
29704
29796
29884
29972
30064
30152
30240
30328
30416
30508
30596
30684
30772
30864
30952
31040
31128
31220
31308
31396
31484
31576
31664
31752
31840
31932
32020
32108
32196
32288
32376
32464
32552
32640
32728
32820
32908
32996
33084
33176
33264
33352
33440
33528
33620
33708
33800
33884
33972
34064
34152
34240
34332
34420
34508
34596
34684
34776
0
