19300
19320
19420
19512
19524
19620
19720
19820
19920
20024
20124
20224
20320
20420
20520
20620
20720
20820
20920
21020
21120
21220
21320
21420
21520
21620
21716
21724
21824
21924
22004
22024
22124
22220
22232
22324
22360
22424
22524
22624
22724
22828
22928
23028
23128
23228
23332
23432
23532
23632
23732
23836
23908
23936
24036
24136
24236
24336
24436
24536
24636
24736
24836
24936
25040
25140
25240
25340
25440
25544
25644
25744
25844
25944
26044
26144
26244
26344
26412
26444
26544
26644
26744
26844
26944
27044
27144
27244
27344
27444
27504
27520
27544
27644
27744
27844
27944
28040
28140
28240
28340
28440
28540
28640
28736
28840
28936
29036
29136
29236
29336
29436
29536
29548
29636
29736
29836
29936
30040
30140
30240
30336
30436
30536
30636
30736
30840
30936
31040
31140
31240
31340
31440
31540
31640
31724
31736
31744
31840
31940
32008
32020
32040
32140
32240
32340
32372
32440
32540
32640
32740
32844
32944
33044
33144
33244
33348
33448
33548
33652
33752
33852
33920
33932
33952
34052
34152
34256
34356
34456
34556
34656
34756
34856
34956
35056
35156
35260
35360
35460
35560
35660
35764
35864
35964
36052
36064
36164
36264
36364
36428
36464
36564
36664
36764
36864
36964
37064
37164
37264
37364
37464
37564
37664
37764
37864
37964
38064
38160
38260
38360
38460
38560
38660
38760
38860
38960
39060
39160
39260
39360
39460
39532
39560
39660
39760
39860
39960
40060
40160
40260
40360
40460
40560
40660
40760
40860
40960
41060
41164
41264
41364
41464
41564
41664
41764
41864
41924
41968
42068
42168
42268
42368
42468
42568
42668
42768
42868
42972
43072
43172
43272
43372
43472
43576
43676
43776
43876
43976
44080
44180
44280
44380
44480
44580
44680
44780
44880
44980
45084
45184
45284
45384
45488
45588
45688
45788
45888
45988
46088
46188
46288
46388
46452
46492
46592
46692
46792
46892
46992
47088
47188
47288
47388
47488
47588
47688
47788
47888
47988
48088
48188
48288
48384
48484
48584
48684
48732
48784
48884
48984
49084
49184
49284
49384
49488
49588
49688
49788
49888
49988
50088
50188
50288
50388
50488
50588
50688
50788
50888
50988
51088
51188
51288
51388
51492
51592
51692
51780
51792
51892
51996
52096
52196
52296
52396
52496
52596
52696
52796
52900
53000
53100
53200
53300
53404
53504
53604
53704
53808
53908
53972
53984
53996
54008
54108
54208
54280
54308
54408
54508
54612
54708
54812
54912
55012
55112
55212
55316
55416
55516
55616
55716
55820
55920
56020
56120
56220
56320
56420
56520
56620
56720
56820
56920
57020
57120
57220
57320
57420
57520
57620
57720
57820
57920
58020
58120
58220
58320
58416
58516
58616
58716
58816
58916
59016
59116
59216
59316
59416
59516
59608
59620
59716
59816
59916
60016
60120
60220
60320
60420
60520
60620
60720
60820
60920
61020
61120
61220
61320
61420
61520
61620
61720
61812
61824
61924
62024
62124
62224
62324
62424
62524
62624
62724
62824
62928
63028
63128
63228
63332
63432
63532
63636
63736
63836
63936
64004
64016
64040
64140
64240
64316
64340
64440
64540
64640
64740
64840
64940
65040
65144
65244
65344
65444
8
112
212
312
412
512
528
596
604
616
712
812
912
972
984
1012
1112
1212
1316
1416
1516
1616
1716
1816
1916
2012
2116
2212
2312
2412
2512
2612
2712
2812
2912
3012
3112
3212
3312
3412
3512
3612
3712
3812
3912
4012
4104
4116
4212
4312
4412
4512
4612
4716
4812
4912
5012
5112
5212
5312
5412
5512
5616
5716
5816
5916
6016
6116
6216
6316
6420
6520
6620
6720
6820
6920
7020
7120
7220
7320
7420
7524
7624
7724
7824
7928
8028
8128
8232
8332
8432
8508
8532
8632
8732
8832
8936
9036
9136
9236
9336
9436
9536
9636
9740
9840
9940
10040
10140
10244
10344
10444
10544
10644
10744
10844
10944
11044
11144
11244
11344
11444
11544
11644
11744
11844
11944
12044
12144
12176
12244
12344
12444
12544
12644
12740
12844
12940
13040
13140
13240
13340
13440
13540
13640
13740
13840
13944
14040
14116
14128
14144
14244
14344
14444
14544
14644
14744
14844
14944
15044
15144
15244
15344
15444
15544
15644
15744
15844
15948
16048
16148
16248
16348
16452
16552
16652
16752
16844
16856
16952
17052
17152
17252
17356
17456
17556
17656
17756
17860
17960
18060
18164
18264
18364
18464
18540
18548
18564
18668
18768
18868
18968
19068
19168
19268
19368
19468
19572
19672
19772
19872
19972
20076
20176
20276
20376
20476
20576
20676
20780
20876
20980
21080
21180
21280
21380
21480
21580
21680
21780
21880
21980
22080
22180
22280
22380
22480
22576
22676
22776
22876
22976
23076
23176
23276
23376
23476
23576
23676
23776
23876
23976
24076
24168
24180
24276
24376
24476
24576
24680
24780
24880
24980
25080
25180
25280
25380
25480
25580
25680
25780
25880
25980
26080
26180
26280
26384
26484
26584
26684
26784
26884
26984
27084
27184
27284
27388
27488
27588
27688
27792
27892
27992
28092
28196
28296
28396
28500
28576
28600
28700
28800
28900
29000
29100
29200
29300
29400
29504
29604
29704
29804
29904
30008
30108
30208
30308
30408
30508
30612
30712
30812
30912
31012
31076
31112
31212
31312
31412
31512
31612
31712
31812
31912
32012
32112
32212
32312
32412
32512
32612
32712
32808
32908
33008
33108
33208
33308
33408
33508
33608
33708
33808
33908
34008
34108
34204
34212
34308
34412
34508
34612
34712
34812
34912
35012
35112
35212
35312
35412
35512
35612
35712
35812
35912
36012
36112
36212
36316
36416
36516
36616
36716
36816
36916
36928
37016
37116
37216
37316
37420
37520
37620
37720
37824
37924
38024
38124
38228
38328
38428
38528
38596
38608
38628
38732
38832
38920
38932
39032
39132
39232
39332
39432
39536
39636
39736
39836
39936
40036
40140
40240
40340
40440
40540
40640
40724
40732
40744
40840
40940
41040
41104
41140
41244
41344
41444
41544
41644
41744
41844
41944
42044
42140
42244
42340
42440
42540
42640
42740
42840
42940
43040
43140
43240
43340
43440
43540
43640
43740
43840
43940
44040
44140
44224
44236
44244
44340
44440
44540
44644
44744
44844
44944
45044
45144
45244
45344
45444
45544
45644
45744
45844
45944
46044
46144
46248
46348
46436
46448
46548
46648
46748
46848
46948
47048
47148
47252
47352
47452
47552
47652
47756
47856
47956
48056
48160
48260
48360
48460
48564
48636
48648
48660
48668
48764
48864
48964
49064
49164
49268
49364
49464
49568
49668
49768
49868
49968
50072
50172
50272
50372
50472
50572
50676
50720
50732
50776
50876
50976
51076
51176
51276
51376
51476
51576
51676
51776
51876
51976
52076
52176
52276
52296
52376
52476
52576
52676
52776
52876
52972
53072
53172
53272
53372
53432
53472
53572
53672
53772
53872
53972
54072
54172
54260
54272
54284
54372
54472
54572
54672
54776
54876
54976
55076
55176
55276
55376
55476
55576
55676
55776
55876
55976
56076
56176
56280
56380
56480
56580
56680
56760
56772
56784
56880
56980
57080
57184
57284
57384
57484
57584
57684
57788
57888
57988
58088
58192
58292
58392
58492
58596
58668
58680
58696
58796
58896
58996
59096
59196
59300
59400
59500
59600
59700
59800
59904
60004
60104
60204
60304
60404
60508
60608
60708
60748
60760
60808
60908
61008
61108
61176
61188
61208
61308
61408
61508
61608
61708
61808
61908
62008
62108
62208
62308
62408
62508
62608
62708
62808
62908
63008
63108
63208
63308
63404
63452
63504
63608
63704
63804
63904
64004
64108
64208
64308
64408
64508
64608
64708
64808
64908
65008
65108
65208
65308
65408
65508
72
172
272
372
472
576
676
776
876
968
976
1076
1180
1280
1380
1480
1580
1680
1780
1880
1980
2080
2184
2284
2384
2484
2588
2688
2788
2888
2992
3092
3168
3176
3192
3292
3392
3492
3592
3692
3796
3896
3996
4096
4196
4296
4400
4500
4600
4700
4800
4900
5004
5104
5204
5304
5404
5504
5604
5704
5804
5904
6004
6104
6204
6304
6404
6504
6604
6704
6776
6788
6804
6824
6904
7004
7104
7204
7304
7404
7504
7600
7704
7800
7904
8000
8104
8200
8300
8404
8504
8604
8704
8780
8792
8804
8904
9004
9104
9204
9304
9404
9504
9604
9704
9804
9904
10008
10108
10208
10308
10408
10508
10608
10708
10812
10912
11012
11112
11212
11312
11412
11512
11612
11712
11812
11916
12016
12116
12216
12316
12420
12520
12620
12720
12824
12924
13024
13124
13200
13212
13228
13328
13428
13480
13528
13628
13728
13828
13928
14028
14132
14232
14332
14432
14536
14636
14736
14836
14936
15036
15136
15240
15340
15440
15540
15640
15700
15712
15740
15840
15940
16040
16140
16240
16340
16440
16540
16640
16740
16840
16856
16940
17040
17140
17236
17336
17436
17536
17636
17736
17836
17936
18036
18136
18236
18336
18440
18536
18636
18736
18836
18940
19040
19140
19240
19340
19440
19540
19640
19740
19840
19940
20040
20140
20240
20340
20440
20540
20644
20744
20844
20944
21044
21144
21248
21348
21448
21548
21648
21748
21848
21948
22048
22148
22252
22352
22452
22552
22656
22756
22856
22956
23060
23160
23248
23256
23268
23360
23460
23560
23660
23760
23864
23964
24064
24164
24264
24368
24468
24568
24668
24768
24868
24968
25072
25172
25272
25372
25472
25572
25672
25740
25772
25872
25972
26072
26172
26272
26372
26472
26572
26672
26772
26872
26972
27072
27172
27272
27372
27472
27572
27672
27772
27868
27968
28024
28068
28168
28268
28368
28468
28568
28668
28768
28860
28872
28968
29072
29172
29272
29372
29472
29572
29672
29772
29872
29972
30072
30172
30272
30372
30472
30572
30672
30776
30876
30976
31076
31176
31276
31376
31476
31580
31588
31676
31776
31876
31980
32080
32180
32280
32380
32484
32584
32684
32788
32888
32988
33088
33188
33264
33276
33288
33392
33492
33592
33692
33792
33892
33992
34092
34196
34296
34396
34496
34596
34700
34800
34900
35000
35100
35200
35300
35400
35500
35600
35700
35800
35904
36004
36104
36204
36304
36404
36504
36604
36704
36800
36900
37000
37100
37200
37300
37400
37500
37600
37700
37800
37900
38000
38060
38100
38200
38300
38400
38500
38600
38700
38800
38888
38900
38908
39000
39100
39200
39300
39400
39504
39604
39700
39800
39900
40000
40104
40204
40304
40404
40504
40604
40704
40804
40904
41004
41108
41208
41308
41408
41508
41608
41708
41808
41908
42008
42108
42212
42312
42412
42516
42616
42716
42816
42920
43020
43120
43220
43320
43420
43520
43596
43624
43724
43824
43924
44024
44124
44224
44324
44428
44528
44628
44728
44828
44932
45032
45132
45232
45332
45372
45384
45432
45532
45632
45732
45800
45832
45932
46032
46132
46232
46332
46432
46532
46632
46732
46832
46932
46952
46964
47032
47132
47232
47332
47432
47532
47632
47728
47828
47928
48028
48080
48128
48228
48328
48428
48528
48628
48728
48828
48928
48940
49028
49132
49232
49332
49432
49532
49632
49732
49832
49932
50032
50132
50232
50332
50432
50532
50636
50736
50836
50936
51036
51120
51136
51236
51336
51436
51536
51620
51636
51740
51836
51940
52040
52140
52240
52340
52444
52544
52644
52744
52848
52948
53048
53148
53248
53320
53328
53352
53452
53552
53632
53652
53752
53852
53952
54052
54152
54256
54356
54456
54556
54656
54760
54860
54960
55060
55160
55260
55360
55460
55560
55664
55760
55836
55848
55860
55964
56064
56164
56260
56360
56460
56560
56660
56760
56860
56960
57060
57160
57260
57360
57460
57560
57660
57756
57860
57956
58060
58112
58156
58260
58356
58456
58556
58656
58756
58856
58956
58968
59056
59160
59256
59360
59460
59560
59660
59760
59860
59960
60060
60160
60260
60360
60460
60560
60660
60760
60860
60960
61060
61164
61264
61364
61464
61564
61664
61764
61864
61964
62064
62164
62268
62368
62472
62568
62672
62772
62872
62972
63076
63176
63276
63352
63364
63376
63476
63576
63660
63676
63776
63876
63980
64076
64180
64280
64380
64480
64580
64684
64784
64884
64984
65084
65184
65284
65384
65484
52
148
252
312
348
452
552
652
752
852
952
1052
1148
1252
1348
1448
1548
1648
1748
1848
1948
2048
2148
2248
2348
2448
2544
2644
2744
2844
2944
3044
3144
3244
3344
3436
3448
3548
3648
3748
3848
3948
4048
4148
4248
4348
4448
4548
4648
4748
4848
4948
5048
5148
5248
5352
5452
5552
5636
5648
5660
5752
5852
5952
6052
6076
6152
6252
6352
6452
6552
6652
6756
6856
6956
7060
7160
7260
7360
7460
7564
7664
7764
7840
7864
7964
8064
8148
8164
8268
8364
8468
8564
8668
8768
8868
8968
9068
9168
9272
9372
9472
9572
9672
9772
9876
9976
10076
10176
10276
10376
10476
10576
10676
10776
10876
10976
11076
11176
11272
11372
11472
11572
11672
11772
11872
11972
12072
12172
12272
12372
12468
12568
12668
12768
12868
12968
13068
13168
13268
13368
13460
13472
13568
13668
13768
13868
13972
14072
14172
14268
14368
14472
14568
14672
14772
14872
14972
15072
15172
15272
15372
15472
15572
15668
15680
15776
15876
15976
16076
16168
16180
16276
16376
16476
16576
16676
16776
16880
16980
17080
17180
17284
17384
17484
17584
17684
17788
17860
17868
17888
17988
18088
18172
18180
18192
18288
18388
18488
18588
18688
18792
18892
18992
19092
19192
19292
19396
19496
19596
19696
19796
19896
19996
20096
20196
20296
20396
20496
20596
20696
20796
20896
20996
21096
21196
21296
21392
21496
21592
21692
21792
21892
21992
22092
22192
22292
22392
22492
22592
22644
22692
22792
22892
22988
23092
23188
23292
23392
23484
23496
23592
23692
23792
23892
23992
24092
24192
24292
24392
24492
24592
24692
24792
24892
24992
25092
25192
25292
25392
25492
25592
25696
25796
25896
25996
26096
26196
26296
26396
26496
26596
26696
26796
26900
27000
27100
27200
27304
27404
27504
27604
27704
27804
27888
27900
27912
28008
28108
28188
28200
28212
28308
28408
28508
28608
28708
28812
28912
29012
29112
29212
29312
29412
29516
29616
29716
29816
29916
29956
30016
30116
30216
30316
30416
30516
30616
30716
30816
30916
31016
31116
31216
31316
31412
31516
31556
31612
31712
31812
31912
32012
32112
32212
32312
32412
32512
32612
32664
32708
32812
32908
33008
33112
33208
33312
33408
33508
33520
33612
33712
33812
33912
34012
34112
34212
34312
34412
34512
34612
34712
34812
34912
35012
35112
35212
35312
35412
35512
35612
35704
35716
35812
35916
36016
36116
36216
36316
36416
36516
36616
36716
36816
36920
37020
37120
37220
37320
37424
37524
37624
37724
37824
37896
37908
37924
38024
38124
38228
38328
38428
38528
38628
38728
38828
38928
39028
39128
39232
39332
39432
39532
39632
39732
39832
39932
39980
40032
40136
40232
40332
40392
40400
40432
40536
40636
40736
40836
40936
41032
41136
41232
41332
41432
41532
41564
41632
41732
41832
41928
42028
42128
42228
42328
42428
42528
42628
42668
42728
42828
42924
43024
43128
43228
43328
43428
43512
43520
43532
43628
43728
43828
43928
44028
44128
44228
44328
44428
44528
44628
44728
44828
44928
45028
45128
45228
45328
45428
45528
45628
45728
45832
45932
46032
46132
46232
46332
46432
46532
46632
46732
46832
46936
47036
47136
47236
47336
47440
47540
47640
47740
47840
47924
47936
47948
48040
48140
48244
48344
48444
48544
48644
48744
48844
48944
49044
49144
49248
49348
49448
49548
49648
49748
49848
49952
49992
50048
50152
50248
50352
50452
50552
50652
50752
50852
50948
51048
51148
51248
51348
51448
51532
51548
51648
51744
51848
51944
52044
52144
52244
52344
52444
52544
52644
52744
52844
52940
53040
53140
53240
53340
53440
53540
53548
53640
53744
53844
53944
54044
54144
54244
54344
54444
54544
54640
54744
54844
54940
55044
55144
55244
55344
55444
55544
55644
55740
55752
55844
55944
56044
56148
56244
56344
56444
56544
56648
56748
0
