12
6524
10096
12704
14844
16700
18380
19920
21340
22344
22352
22664
23916
25136
26288
27384
28432
28616
29448
30456
31448
32416
33356
34268
35160
36032
36896
37748
38584
39404
40200
40980
41752
42516
43268
44004
44732
45444
45628
45636
46144
46840
47528
48204
48868
49524
50168
50808
51436
52060
52672
53276
53876
54468
55056
55544
55564
55576
55632
56200
56764
57320
57876
58420
58964
59504
60040
60572
61096
61616
62132
62648
63152
63656
64156
64452
64464
64472
64656
65152
108
596
1084
1568
2048
2528
3000
3472
3940
4408
4868
5328
5788
6244
6700
7148
7600
8044
8492
8524
8532
8928
9368
9804
10236
10668
11096
11520
11944
12364
12780
13156
13192
13608
14020
14428
14836
15248
15652
16056
16460
16860
17260
17568
17580
17588
17656
18048
18448
18840
19232
19620
20008
20396
20784
21172
21556
21936
22320
22700
23076
23456
23836
24212
24588
24964
25336
25708
26076
26444
26812
27180
27544
27912
28276
28640
29000
29360
29716
30072
30428
30784
31136
31488
31836
32184
32532
32868
32876
33224
33568
33908
34252
34592
34928
35268
35604
35944
36276
36612
36944
37276
37608
37936
38264
38524
38536
38592
38920
39248
39576
39900
40224
40548
40876
41196
41516
41836
42156
42476
42792
43108
43424
43744
44056
44372
44688
45004
45036
45048
45312
45628
45936
46248
46556
46864
47172
47480
47784
48088
48392
48696
49000
49300
49604
49908
50208
50508
50812
51112
51412
51672
51684
51708
52004
52304
52604
52900
53196
53304
53492
53784
54080
54376
54672
54964
55256
55548
55844
56136
56428
56720
57012
57304
57596
57884
58172
58464
58752
59040
59328
59616
59904
60188
60476
60760
61044
61328
61612
61892
62176
62456
62740
63020
63300
63576
63660
63856
64132
64408
64684
64960
65236
65300
65312
65512
248
524
696
704
796
1072
1344
1616
1888
2160
2432
2620
2628
2704
2976
3244
3516
3784
4052
4320
4588
4860
5128
5392
5660
5924
6192
6456
6720
6988
7248
7516
7780
8044
8052
8064
8304
8568
8832
9092
9352
9612
9872
10136
10392
10652
10912
11168
11428
11684
11940
12200
12456
12712
12968
13228
13484
13736
13992
14248
14504
14760
15012
15112
15124
15268
15520
15776
16028
16284
16536
16792
17044
17296
17548
17800
18052
18304
18556
18808
19060
19308
19560
19812
20064
20312
20564
20812
21060
21312
21560
21808
22056
22304
22552
22796
23044
23288
23532
23776
24020
24268
24512
24752
24996
25240
25480
25528
25536
25548
25560
25724
25964
26208
26448
26688
26928
27168
27408
27648
27884
28084
28096
28124
28364
28600
28840
29080
29316
29556
29792
30028
30264
30504
30740
30760
30976
31212
31228
31240
31248
31268
31280
31448
31680
31920
32044
32056
32068
32156
32304
32316
32384
32396
32404
32464
32624
32796
32808
32860
33056
33096
33332
33568
33804
34036
34272
34508
34744
34976
35212
35444
35676
35908
36144
36376
36612
36844
37076
37312
37544
37780
38000
38012
38240
38472
38708
38940
39172
39400
39632
39864
40096
40328
40560
40792
41024
41256
41488
41720
41952
42180
42412
42640
42872
43100
43332
43560
43792
44020
44212
44252
44384
44392
44480
44712
44940
45168
45396
45624
45852
46084
46308
46536
46764
46992
47220
47444
47668
47896
48120
48344
48572
48796
49020
49244
49468
49688
49912
50136
50356
50576
50800
51020
51192
51200
51244
51464
51684
51908
52128
52348
52572
52792
53012
53232
53452
53672
53716
53856
53892
54112
54328
54548
54768
54988
55208
55424
55624
55632
55644
55860
56080
56296
56516
56736
56952
57172
57388
57604
57824
58040
58256
58468
58684
58904
59124
59340
59552
59768
59988
60204
60420
60444
60456
60632
60848
61068
61280
61496
61712
61928
62140
62308
62356
62572
62784
63000
63216
63432
63648
63860
64076
64292
64508
64720
64936
65148
65360
40
256
384
396
472
504
556
684
716
728
796
868
880
900
1076
1084
1096
1108
1116
1200
1212
1324
1336
1476
1488
1540
1596
1736
1748
1760
1928
1952
1964
1976
2088
2096
2128
2140
2164
2184
2264
2272
2396
2612
2828
3040
3252
3468
3664
3680
3688
3892
4108
4320
4532
4744
4928
4944
4956
5164
5376
5588
5800
6008
6220
6428
6640
6848
7060
7212
7224
7268
7476
7684
7892
8104
8312
8520
8732
8940
9148
9356
9564
9628
9636
9772
9980
10092
10100
10184
10332
10344
10392
10456
10600
10808
11016
11224
11324
11332
11432
11640
11684
11692
11844
11856
12052
12108
12260
12340
12468
12680
12888
12960
12972
13096
13260
13268
13300
13376
13512
13648
13668
13676
13716
13928
14116
14124
14136
14248
14256
14344
14532
14544
14552
14760
14820
14968
15136
15148
15160
15176
15388
15596
15808
15872
16012
16024
16220
16432
16644
16852
17064
17096
17272
17480
17688
17900
18108
18316
18528
18736
18948
19156
19368
19580
19788
19996
20208
20416
20624
20836
21044
21252
21444
21456
21464
21612
21620
21672
21828
21880
22092
22300
22508
22716
22752
22764
22776
22924
22936
23132
23340
23552
23760
23968
24176
24384
24536
24548
24560
24572
24580
24592
24604
24796
25004
25212
25416
25624
25828
25840
26040
26244
26452
26656
26860
27064
27272
27476
27680
27880
28000
28088
28292
28496
28700
28904
29108
29312
29516
29720
29924
30128
30336
30344
30356
30456
30468
30540
30744
30872
30884
30892
30944
31128
31140
31152
31164
31176
31356
31556
31596
31608
31700
31712
31764
31968
32012
32020
32172
32360
32368
32380
32428
32436
32448
32476
32484
32552
32564
32580
32784
32872
32884
32900
32908
32988
33192
33268
33348
33356
33380
33392
33400
33412
33600
33720
33760
33772
33804
34008
34188
34196
34212
34332
34344
34416
34588
34596
34620
34824
35028
35096
35108
35236
35440
35520
35648
35852
35948
36060
36264
36396
36408
36472
36676
36796
36880
37088
37288
37296
37416
37428
37504
37708
37720
37916
38120
38328
38532
38740
38948
39152
39360
39568
39776
39984
40192
40400
40604
40812
41020
41228
41432
41640
41848
42056
42200
42252
42264
42324
42336
42344
42432
42444
42472
42676
42884
43088
43296
43504
43708
43916
44120
44328
44532
44736
44940
45144
45180
45192
45348
45552
45756
45960
46164
46364
46376
46572
46776
46980
47180
47384
47584
47788
47988
48188
48388
48532
48544
48592
48792
48992
49192
49392
49592
49796
49996
50196
50396
50596
50756
50768
50780
50796
50996
51196
51360
51372
51392
51592
51792
51992
52192
52392
52500
52528
52536
52592
52620
52628
52792
52884
52992
53192
53252
53260
53296
53308
53388
53440
53448
53460
53576
53584
53596
53788
53988
54188
54388
54588
54696
54708
54784
54976
54988
55000
55152
55164
55180
55336
55348
55360
55384
55580
55784
55984
56184
56380
56584
56784
56904
56912
56980
57180
57380
57580
57780
57980
58036
58048
58180
58380
58580
58780
58976
59176
59376
59576
59776
59976
60176
60376
60576
60776
60976
61176
61376
61576
61776
61972
62176
62376
62572
62772
62972
63172
63368
63568
63764
63964
64164
64360
64560
64756
64956
65068
65076
65152
65348
8
204
404
600
760
772
796
924
932
992
1188
1384
1580
1776
1816
1828
1972
2044
2056
2168
2220
2360
2556
2620
2752
2948
3144
3336
3532
3728
3920
4116
4312
4504
4700
4896
5092
5116
5284
5480
5508
5520
5676
5868
5972
5984
6068
6260
6352
6360
6456
6652
6768
6784
6792
6848
7040
7200
7212
7236
7432
7628
7820
8016
8080
8092
8212
8408
8540
8552
8600
8796
8936
8948
8992
9184
9380
9416
9576
9772
9972
10168
10292
10304
10364
10560
10640
10652
10716
10728
10756
10952
11152
11160
11348
11544
11744
11928
11940
12104
12112
12136
12336
12472
12532
12732
12916
12928
13124
13320
13520
13720
13916
14116
14316
14512
14712
14908
15108
15268
15276
15308
15504
15704
15776
15904
16100
16128
16140
16152
16300
16460
16468
16500
16660
16668
16700
16896
17096
17296
17492
17692
17892
18092
18288
18488
18684
18880
19080
19236
19248
19256
19276
19476
19672
19868
20064
20260
20460
20552
20656
20852
21024
21048
21060
21244
21312
21324
21440
21636
21832
22028
22140
22148
22224
22420
22616
22812
23008
23204
23400
23596
23792
23988
24184
24380
24576
24776
24968
25168
25300
25308
25364
25560
25688
25700
25756
25952
26144
26152
26164
26348
26544
26688
26696
26740
26936
26964
26976
27136
27332
27440
27448
27528
27724
27844
27856
27920
28120
28312
28512
28708
28764
28772
28904
29100
29300
29496
29680
29696
29896
30020
30032
30092
30292
30488
30688
30884
31004
31016
31084
31284
31484
31680
31840
31852
31872
31884
32076
32276
32476
32676
32872
33072
33272
33472
33664
33676
33872
34064
34072
34276
34476
34676
34876
34992
35004
35076
35276
35424
35432
35476
35492
35504
35680
35804
35812
35880
35948
36080
36228
36240
36248
36280
36288
36312
36324
36484
36684
36712
36720
36864
36872
36884
36896
37084
37124
37136
37200
37252
37264
37284
37484
37516
37596
37604
37640
37652
37688
37888
38028
38036
38088
38168
38180
38288
38488
38688
38892
38968
39092
39108
39120
39128
39292
39492
39500
39512
39636
39648
39692
39892
40092
40224
40236
40292
40492
40692
40848
40856
40896
41096
41156
41168
41180
41296
41320
41496
41616
41628
41696
41896
42000
42012
42096
42292
42492
42692
42892
43092
43292
43492
43688
43888
44088
44288
44488
44688
44700
44712
44888
45088
45152
45288
45488
45536
45688
45888
46092
46288
46392
46404
46436
46448
46492
46692
46860
46868
46892
47092
47292
47492
47680
47692
47892
48092
48196
48204
48292
48492
48588
48692
48892
49068
49080
49092
49292
49444
49456
49496
49696
49900
50100
50304
50396
50508
50708
50912
51112
51280
51292
51308
51320
51520
51720
51732
51744
51924
52128
52332
52532
52736
52940
52968
53140
53344
53548
53748
53952
54160
54360
54464
54564
54768
54972
55068
55176
55292
55304
55380
55544
55556
55580
55668
55760
55772
55788
55936
55944
55956
55992
56160
56168
56196
56280
56292
56400
56600
56608
56620
56708
56720
56808
57012
57024
57124
57132
57216
57308
57316
57420
57540
57552
57624
57828
57900
57912
57924
57960
57968
58036
58192
58240
58432
58440
58452
58648
58764
58772
58852
58864
58876
59056
59156
59168
59260
59296
59464
59568
59612
59624
59668
59720
59868
60016
60028
60044
60072
60276
60472
60484
60492
60684
60888
60924
60936
61096
61296
61336
61348
61500
61704
61796
61908
62112
62128
62136
62292
62304
62316
62520
62724
62924
63128
63332
63536
63740
63940
64144
64348
64552
64756
64960
65164
65368
65400
36
148
160
180
188
240
444
648
728
740
856
1060
1104
1264
1468
1672
1876
2080
2284
2428
2488
2692
2896
3100
3308
3508
3716
3916
4120
4328
4532
4660
4672
4740
4944
5108
5116
5148
5356
5500
5512
5564
5768
5968
5980
5992
6184
6388
6428
6440
6596
6696
6704
6804
7008
7216
7420
7628
7836
8040
8248
8456
8664
8872
9080
9288
9496
9700
9912
10120
10248
10260
10324
10532
10560
10572
10740
10936
10948
10956
11080
11092
11160
11280
11288
11368
11544
11576
11604
11616
11640
11780
11988
12196
12388
12400
12408
12612
12724
12736
12820
13028
13176
13196
13208
13236
13444
13576
13620
13628
13648
13856
14064
14116
14196
14204
14268
14304
14316
14476
14636
14648
14684
14888
15096
15304
15472
15484
15508
15716
15924
16132
16212
16336
16544
16600
16612
16748
16836
16956
17020
17032
17160
17364
17416
17572
17776
17984
18188
18392
18596
18800
19008
19212
19416
19624
19828
20032
20240
20444
20648
20740
20748
20856
21060
21136
21144
21176
21264
21476
21568
21580
21680
21888
22016
22028
22040
22048
22092
22300
22456
22464
22504
22712
22916
22932
22944
23124
23328
23344
23536
23740
23948
24152
24360
24564
24684
24696
24772
24976
25188
25392
25596
25808
25948
25960
26004
26016
26224
26432
26456
26468
26640
26848
26920
27060
27264
27364
27476
27684
27892
28096
28304
28516
28724
28932
29140
29348
29560
29768
29980
30188
30396
30604
30732
30816
30948
30956
30992
31000
31024
31124
31132
31232
31256
31264
31368
31380
31404
31440
31648
31660
31672
31716
31788
31860
32068
32128
32136
32184
32196
32236
32248
32280
32488
32592
32604
32612
32628
32636
32696
32768
32780
32908
32944
32956
33116
33176
33184
33196
33324
33344
33372
33384
33440
33448
33532
33608
33620
33744
33876
33888
33952
34040
34048
34124
34164
34184
34372
34428
34440
34448
34580
34792
34912
34920
34932
35000
35008
35208
35284
35296
35416
35612
35624
35636
35700
35832
36032
36040
36052
36156
36168
36252
36272
36284
36460
36516
36672
36880
37088
37296
37504
37712
37920
38128
38332
38448
38460
38472
38540
38748
38956
39160
39368
39572
39780
39988
40196
40400
40608
40808
40816
41020
41228
41280
41432
41640
41844
42048
42060
42260
42468
42672
42848
42880
43084
43288
43308
43496
43692
43700
43712
43764
43772
43908
44116
44132
44140
44324
44528
44572
44580
44736
44940
44964
45044
45056
45148
45356
45380
45392
45564
45604
45616
45624
45768
45928
45940
45980
46028
46036
46048
46188
46368
46376
46392
46428
46440
46604
46784
46796
46812
47020
47168
47228
47256
47264
47432
47560
47572
47644
47656
47800
47856
48060
48232
48244
48268
48480
48688
48896
49104
49312
49520
49732
49940
50148
50360
50568
50780
50988
51196
51404
51548
51556
51616
51800
51824
51916
51988
52032
52076
52088
52240
52284
52292
52436
52444
52456
52484
52588
52600
52660
52872
53080
53168
53288
53404
53416
53496
53704
53844
53856
53916
53936
53944
54124
54188
54196
54332
54416
54424
54544
54632
54644
54656
54664
54676
54752
54804
54816
54960
55120
55128
55168
55248
55376
55548
55560
55588
55700
55712
55796
55996
56008
56020
56128
56140
56216
56424
56448
56460
56632
56840
56868
56880
56888
56968
56980
57032
57040
57052
57260
57332
57472
57680
57880
57888
58100
58156
58168
58176
58280
58292
58304
58316
58516
58708
58720
58728
58936
59144
59352
59504
59560
59768
59972
60180
60388
60596
60804
61016
61208
61224
61432
61640
61668
61848
62056
62144
62268
62472
62484
62592
62604
62684
62868
62892
62984
63104
63316
63524
63732
63860
63940
64152
64320
64332
64360
64568
64724
64736
64776
64988
65096
65108
65164
65176
65188
65200
65408
72
84
92
288
444
496
524
536
708
916
928
940
1124
1340
1356
1548
1756
1844
1856
1968
2180
2284
2296
2392
2604
2732
2744
2812
3028
3140
3240
3448
3560
3572
3660
3872
4084
4296
4508
4716
4928
5140
5352
5564
5780
5992
6200
6212
6420
6632
6844
6996
7008
7056
7244
7268
7456
7468
7484
7640
7652
7696
7812
7820
7832
7880
7892
7908
8048
8064
8072
8120
8336
8548
8580
8592
8600
8760
8864
8876
8908
8920
8972
9024
9188
9264
9276
9400
9412
9420
9544
9552
9612
9684
9824
10040
10252
10464
10676
10888
11100
11212
11224
11312
11524
11736
11944
12156
12368
12548
12580
12792
13000
13212
13252
13260
13372
13424
13632
13844
14056
14264
14472
14684
14892
15100
15308
15516
15728
15936
16144
16352
16560
16768
16976
17188
17372
17380
17392
17408
17600
17808
18016
18040
18052
18112
18152
18224
18432
18532
18544
18644
18852
18872
18880
19044
19056
19064
19144
19264
19284
19452
19464
19472
19660
19680
19700
19708
19720
19732
19744
19812
19888
19984
19996
20008
20016
20028
20064
20076
20096
20128
20140
20304
20320
20368
20376
20476
20484
20512
20604
20616
20624
20720
20928
21136
21296
21308
21328
21344
21352
21364
21548
21748
21756
21768
21792
21824
21964
22140
22172
22184
22320
22328
22344
22384
22484
22496
22592
22616
22800
23008
23020
23160
23172
23220
23356
23368
23416
23428
23436
23532
23540
23636
23768
23780
23844
23884
23892
24056
24228
24240
24268
24460
24468
24480
24632
24644
24664
24672
24684
24896
25104
25316
25332
25524
25624
25732
25944
26152
26364
26576
26748
26784
26996
27208
27420
27628
27840
27968
27980
28048
28260
28316
28444
28472
28680
28768
28876
28892
29104
29176
29316
29516
29528
29536
29672
29684
29740
29796
29808
29840
29852
29876
29884
29948
30100
30108
30160
30232
30244
30372
30424
30436
30536
30584
30692
30704
30796
30820
30832
31008
31112
31124
31216
31428
31640
31852
32064
32160
32168
32208
32216
32272
32332
32480
32496
32508
32620
32632
32656
32668
32692
32752
32764
32776
32900
33112
33324
33472
33484
33536
33632
33744
33764
33956
34072
34084
34168
34376
34588
34796
34808
35004
35172
35216
35236
35244
35332
35344
35424
35580
35592
35632
35840
36044
36260
36468
36680
36888
37096
37304
37516
37724
37936
38144
38352
38564
38636
38772
38984
39092
39100
39196
39404
39500
39512
39616
39824
40036
40248
40456
40660
40672
40876
41084
41296
41508
41720
41928
42136
42348
42556
42580
42768
42976
42988
42996
43188
43400
43612
43824
43900
44040
44248
44460
44496
44672
44808
44820
44884
45096
45236
45308
45520
45656
45668
45680
45688
45736
45944
46156
46368
46580
46728
46792
47008
47220
47432
47644
47860
48072
48288
48500
48712
48852
48924
49044
49052
49064
49140
49352
49540
49548
49564
49672
49776
49992
50156
50168
50176
50188
50204
50404
50412
50424
50632
50676
50688
50844
50952
50960
51056
51108
51268
51372
51380
51408
51480
51500
51512
51524
51696
51736
51748
51824
51908
51924
51932
52120
52336
52344
52356
52548
52760
52796
52804
52816
52972
53072
53184
53256
53396
53468
53480
53608
53660
53668
53824
53872
53968
53976
54036
54248
54372
54460
54504
54512
54524
54672
54888
55032
55044
55100
55316
55356
55364
55528
55720
55740
55952
56128
56140
56164
56376
56496
56504
56552
56560
56592
56804
57016
57228
57440
57652
57864
58076
58288
58500
58712
58924
59140
59252
59264
59352
59564
59672
59684
59776
59988
60116
60128
60200
60416
60528
60536
60628
60840
60956
60968
61056
61268
61452
61480
61696
61908
62120
62208
62284
62292
62336
62548
62688
62696
62764
62976
63188
63404
63564
63616
63828
64040
64256
64468
64512
64688
64900
65116
65332
65420
12
228
440
656
744
756
872
1088
1116
1304
1520
1736
1952
2168
2384
2600
2816
3032
3248
3464
3656
3684
3900
4048
4116
4332
4552
4768
4904
4984
5200
5304
5316
5324
5416
5436
5448
5632
5800
5808
5852
6024
6036
6068
6132
6288
6420
6428
6504
6720
6856
6868
6936
7156
7284
7296
7372
7404
7416
7588
7688
7700
7808
7836
7848
8024
8240
8284
8296
8304
8456
8568
8580
8676
8700
8712
8720
8892
9008
9108
9132
9328
9544
9552
9760
9880
9892
9960
9980
10196
10324
10332
10412
10436
10448
10628
10764
10776
10848
10896
11064
11180
11284
11336
11344
11500
11716
11768
11780
11932
12040
12052
12088
12116
12128
12148
12176
12188
12364
12580
12612
12624
12796
13012
13228
13444
13660
13876
14092
14308
14528
14744
14960
15176
15392
15564
15576
15612
15828
16012
16020
16044
16264
16472
16484
16696
16848
16860
16916
16936
16944
16956
17132
17352
17568
17784
18000
18216
18432
18652
18868
19056
19068
19088
19304
19440
19448
19520
19740
19936
19948
19956
20172
20388
20608
20796
20804
20828
20888
21048
21260
21272
21484
21700
21708
21924
22036
22048
22144
22160
22316
22360
22536
22584
22804
22980
22992
23024
23164
23172
23244
23464
23680
23900
24120
24340
24560
24780
25000
25224
25444
25664
25888
26108
26328
26552
26712
26724
26772
26992
27212
27436
27656
27844
27852
27876
27968
27980
28100
28296
28320
28372
28380
28496
28524
28540
28572
28700
28712
28760
28780
28792
28800
28980
29068
29080
29136
29148
29200
29288
29296
29420
29640
29784
29796
29864
29988
30000
30084
30128
30232
30244
30256
30268
30276
30304
30524
30744
30964
31112
31124
31160
31184
31280
31292
31404
31512
31576
31588
31596
31624
31844
32064
32284
32448
32456
32504
32728
32944
33124
33136
33168
33376
33388
33400
33528
33604
33804
33816
33828
33896
33908
34044
34264
34480
34700
34792
34800
34920
35136
35356
35572
35788
36008
36224
36444
36660
36880
37096
37296
37308
37320
37532
37732
37740
37752
37968
38096
38108
38184
38404
38508
38520
38620
38840
38964
38972
39056
39276
39392
39404
39492
39712
39832
39844
39928
40144
40296
40308
40364
40580
40716
40724
40800
41020
41208
41220
41236
41456
41620
41628
41672
41704
41892
42108
42136
42324
42456
42468
42544
42768
42984
43204
43424
43644
43864
44084
44300
44352
44524
44656
44744
44964
45056
45068
45176
45188
45200
45404
45624
45844
46064
46284
46504
46724
46948
47168
47388
47612
47832
48036
48052
48276
48496
48612
48624
48716
48840
48852
48936
49100
49112
49128
49160
49268
49276
49380
49600
49640
49732
49740
49820
49960
49968
50028
50040
50048
50120
50128
50192
50204
50264
50312
50368
50456
50484
50540
50596
50608
50684
50704
50924
50964
50976
50988
51040
51048
51144
51272
51368
51416
51476
51488
51588
51808
51852
51864
51872
52028
52040
52052
52252
52472
52692
52912
53036
53048
53124
53136
53188
53200
53212
53352
53384
53396
53500
53508
53560
53572
53640
53652
53664
53792
53804
53812
54012
54232
54388
54400
54456
54540
54676
54896
55040
55052
55116
55320
55332
55344
55556
55700
55712
55724
55772
55844
55856
55992
56184
56192
56212
56428
56548
56556
56648
56868
57088
57308
57524
57744
57964
58184
58404
58624
58844
59064
59260
59268
59284
59500
59588
59600
59716
59724
59940
60116
60128
60160
60380
60460
60600
60820
60868
60876
60996
61040
61232
61244
61260
61476
61696
61724
61736
61916
62124
62136
62144
62172
62184
62356
62576
62588
62796
63016
63236
63456
63552
63676
63868
63896
64116
64332
64340
64556
64780
65000
65220
65232
65444
132
352
572
792
980
992
1020
1240
1428
1440
1464
1604
1616
1684
1908
2128
2352
2572
2796
3016
3240
3464
3684
3912
4136
4360
4584
4712
4804
5028
5168
5180
5192
5252
5476
5508
5520
5684
5696
5704
5748
5760
5924
5948
5956
6104
6116
6152
6312
6324
6372
6600
6708
6720
6752
6820
6828
0
