19300
19364
19444
19524
19608
19688
19768
19812
19848
19928
20008
20092
20172
20252
20336
20416
20496
20524
20576
20660
20740
20820
20900
20984
21064
21144
21224
21304
21388
21468
21548
21628
21712
21792
21872
21952
22032
22112
22192
22256
22268
22276
22356
22436
22516
22596
22676
22756
22836
22920
23000
23080
23160
23244
23324
23404
23488
23568
23648
23732
23812
23892
23972
24048
24060
24136
24216
24296
24380
24460
24544
24624
24704
24788
24868
24952
25032
25112
25196
25276
25356
25440
25520
25600
25680
25720
25732
25764
25844
25924
26008
26048
26088
26168
26252
26304
26332
26412
26496
26576
26656
26736
26820
26900
26980
27056
27064
27140
27224
27304
27384
27464
27548
27628
27708
27788
27868
27924
27948
28032
28112
28192
28272
28352
28436
28516
28596
28680
28756
28840
28920
29000
29080
29160
29244
29324
29404
29484
29568
29648
29728
29808
29888
29972
30052
30132
30212
30292
30360
30372
30380
30452
30532
30612
30692
30776
30856
30936
31016
31096
31176
31260
31340
31420
31504
31584
31664
31744
31828
31908
31988
32068
32140
32152
32232
32312
32392
32452
32464
32476
32556
32640
32720
32796
32884
32964
33044
33128
33208
33292
33372
33452
33536
33616
33696
33780
33820
33860
33940
34012
34024
34100
34184
34264
34344
34428
34508
34588
34668
34752
34832
34912
34992
35072
35152
35236
35316
35396
35476
35556
35636
35716
35800
35880
35960
36008
36040
36120
36204
36284
36364
36444
36528
36608
36688
36700
36720
36768
36852
36932
37012
37092
37172
37252
37332
37416
37496
37576
37656
37736
37816
37900
37980
38060
38140
38220
38300
38380
38452
38464
38544
38624
38704
38784
38864
38944
38996
39024
39104
39184
39268
39348
39428
39512
39592
39672
39752
39832
39916
39996
40076
40156
40216
40228
40236
40248
40320
40400
40480
40528
40540
40564
40644
40724
40804
40888
40968
41052
41132
41212
41292
41376
41456
41536
41620
41700
41780
41860
41912
41920
41944
42024
42084
42096
42104
42116
42172
42180
42192
42256
42268
42276
42348
42428
42512
42592
42672
42752
42836
42916
42996
43076
43144
43160
43240
43320
43400
43480
43560
43640
43720
43800
43880
43964
44044
44088
44100
44124
44204
44284
44364
44444
44528
44608
44688
44768
44852
44932
45012
45092
45172
45236
45252
45336
45416
45496
45576
45656
45736
45816
45900
45980
46060
46140
46220
46300
46380
46460
46524
46536
46548
46620
46700
46784
46864
46944
47000
47024
47104
47184
47264
47344
47428
47508
47588
47668
47752
47832
47912
47992
48072
48156
48236
48316
48396
48476
48560
48600
48612
48640
48720
48804
48884
48964
49048
49128
49208
49288
49372
49452
49532
49612
49696
49776
49856
49936
49988
50000
50016
50100
50184
50260
50340
50348
50424
50464
50504
50560
50572
50584
50668
50748
50828
50912
50992
51072
51152
51232
51312
51396
51476
51556
51636
51716
51796
51876
51956
52040
52120
52200
52280
52360
52440
52520
52600
52680
52764
52844
52924
53004
53084
53164
53248
53328
53408
53488
53568
53648
53728
53812
53892
53972
54052
54132
54212
54292
54376
54456
54536
54600
54612
54620
54696
54776
54856
54936
55016
55096
55176
55256
55336
55416
55500
55580
55660
55740
55820
55904
55984
56064
56144
56224
56308
56376
56388
56468
56548
56632
56712
56792
56876
56956
57036
57116
57200
57280
57364
57444
57524
57604
57688
57768
57848
57928
58012
58056
58064
58092
58172
58240
58252
58264
58332
58408
58420
58496
58576
58644
58656
58740
58820
58900
58980
59060
59144
59224
59304
59384
59464
59544
59624
59704
59784
59868
59948
60028
60108
60188
60240
60268
60352
60432
60512
60592
60672
60756
60836
60912
60924
60936
60996
61076
61156
61236
61316
61400
61480
61560
61640
61720
61800
61880
61960
62044
62124
62204
62284
62364
62444
62524
62604
62676
62684
62764
62844
62924
63004
63084
63164
63244
63328
63408
63488
63568
63648
63732
63812
63892
63972
64052
64136
64216
64296
64376
64456
64536
64620
64700
64748
64756
64780
64864
64944
65024
65104
65188
65268
65348
65428
65512
56
136
216
300
380
460
544
588
624
704
784
800
868
948
1032
1108
1192
1272
1352
1432
1512
1596
1676
1756
1836
1916
1996
2076
2156
2236
2316
2396
2476
2556
2636
2720
2800
2880
2960
3040
3120
3200
3284
3364
3444
3468
3480
3524
3604
3684
3764
3848
3928
4008
4088
4168
4248
4328
4408
4488
4568
4648
4732
4812
4892
4972
5052
5132
5188
5212
5292
5372
5452
5532
5612
5692
5772
5852
5932
6012
6092
6176
6256
6336
6416
6496
6576
6656
6740
6820
6900
6952
6980
7060
7140
7224
7268
7280
7304
7384
7392
7464
7544
7628
7708
7788
7872
7952
8032
8112
8192
8272
8356
8436
8516
8596
8644
8656
8676
8760
8840
8848
8920
8996
9008
9016
9080
9124
9164
9228
9240
9252
9324
9372
9380
9404
9464
9488
9568
9648
9728
9808
9888
9956
9972
10052
10132
10212
10292
10372
10452
10532
10612
10692
10772
10816
10824
10852
10932
11012
11092
11172
11252
11336
11416
11496
11576
11656
11736
11816
11896
11980
12060
12140
12220
12300
12380
12460
12540
12624
12704
12784
12864
12944
13024
13104
13184
13264
13344
13424
13504
13584
13664
13744
13824
13904
13984
14064
14144
14228
14308
14388
14468
14548
14628
14708
14788
14872
14952
15028
15040
15112
15192
15272
15316
15328
15356
15436
15516
15600
15652
15680
15760
15840
15924
16004
16084
16164
16248
16328
16408
16488
16568
16652
16700
16732
16812
16888
16896
16972
17052
17136
17216
17296
17376
17456
17540
17620
17700
17780
17860
17940
18020
18100
18184
18264
18344
18424
18504
18584
18664
18744
18824
18876
18904
18984
19064
19144
19228
19308
19388
19468
19548
19628
19708
19788
19868
19948
20028
20108
20188
20268
20348
20432
20468
20512
20592
20672
20752
20832
20912
20992
21072
21152
21232
21300
21312
21392
21472
21552
21632
21712
21792
21872
21952
22032
22112
22196
22276
22356
22436
22516
22596
22676
22756
22836
22920
23000
23080
23128
23140
23160
23240
23320
23404
23484
23564
23644
23728
23808
23888
23968
24052
24132
24212
24292
24376
24456
24536
24616
24696
24740
24752
24776
24860
24940
25020
25100
25180
25264
25344
25424
25504
25584
25664
25744
25824
25904
25944
25988
26068
26148
26228
26308
26388
26468
26548
26628
26708
26788
26868
26916
26928
26948
27028
27108
27188
27268
27348
27432
27512
27592
27612
27620
27672
27752
27832
27912
27992
28072
28152
28232
28312
28392
28472
28552
28632
28712
28792
28872
28952
29032
29112
29192
29272
29352
29432
29512
29592
29672
29752
29828
29840
29912
29992
30072
30152
30232
30316
30396
30476
30556
30636
30716
30796
30876
30956
31036
31116
31196
31280
31360
31440
31520
31604
31684
31764
31844
31924
32008
32088
32168
32248
32328
32408
32488
32572
32652
32732
32764
32812
32892
32972
32984
33052
33136
33216
33296
33376
33456
33540
33620
33700
33780
33860
33940
33984
34020
34100
34180
34260
34340
34420
34500
34580
34660
34740
34824
34900
34948
34980
35060
35140
35220
35300
35380
35460
35540
35620
35644
35656
35700
35780
35860
35944
36024
36096
36108
36184
36264
36344
36424
36504
36584
36664
36744
36824
36904
36984
37064
37144
37224
37304
37360
37372
37384
37464
37544
37624
37704
37780
37860
37940
38020
38100
38180
38264
38344
38424
38504
38584
38664
38744
38824
38904
38984
39068
39148
39176
39228
39308
39388
39468
39548
39632
39712
39792
39872
39952
40036
40116
40196
40276
40356
40436
40516
40596
40676
40760
40812
40824
40840
40920
41000
41080
41160
41240
41324
41404
41484
41564
41644
41724
41804
41884
41964
42048
42124
42172
42208
42288
42364
42444
42524
42604
42684
42764
42844
42924
43004
43084
43164
43244
43324
43404
43484
43564
43644
43724
43804
43884
43964
43976
44044
44120
44128
44204
44288
44364
44448
44524
44608
44688
44768
44848
44928
45008
45088
45168
45244
45324
45372
45404
45484
45564
45644
45724
45804
45884
45964
46044
46124
46204
46284
46364
46444
46524
46604
46684
46764
46844
46924
47004
47088
47168
47208
47216
47248
47328
47408
47416
47488
47568
47652
47732
47812
47892
47972
48056
48136
48216
48296
48376
48456
48540
48620
48700
48780
48820
48832
48860
48908
48920
48940
49020
49100
49124
49180
49260
49340
49424
49504
49584
49664
49744
49824
49904
49984
50064
50144
50224
50304
50384
50464
50544
50624
50704
50784
50864
50944
51024
51104
51184
51264
51344
51424
51504
51584
51664
51712
51740
51748
51828
51904
51984
52064
52144
52224
52304
52384
52464
52544
52624
52704
52784
52864
52948
53024
53104
53184
53264
53344
53396
53404
53424
53504
53584
53664
53744
53824
53900
53980
54064
54140
54224
54304
54384
54464
54544
54624
54704
54784
54864
54944
55024
55104
55156
55164
55176
55188
55196
55208
55264
55344
55428
55508
55588
55668
55748
55828
55912
55992
56072
56152
56232
56312
56396
56476
56556
56636
56716
56796
56840
56876
56960
57036
57044
57120
57200
57280
57360
57440
57520
57600
57684
57764
57844
57924
58004
58064
58076
58088
58164
58244
58324
58404
58484
58560
58644
58720
58800
58880
58960
59040
59120
59200
59280
59360
59440
59520
59600
59680
59720
59744
59752
59764
59844
59920
59992
60004
60084
60164
60244
60320
60400
60480
60560
60604
60640
60720
60800
60880
60960
61040
61120
61200
61280
61360
61440
61520
61600
61680
61760
61836
61916
61996
62076
62156
62236
62316
62400
62480
62560
62640
62720
62800
62880
62960
63040
63120
63188
63200
63240
63272
63284
63360
63440
63480
63492
63520
63600
63684
63764
63844
63924
64004
64084
64168
64248
64328
64408
64488
64568
64648
64728
64808
64852
64864
64888
64968
65048
65128
65172
65180
65192
65212
65292
65372
65452
65532
76
156
236
320
400
476
548
560
640
716
800
876
956
1036
1116
1196
1276
1356
1436
1476
1488
1516
1596
1676
1756
1836
1916
1996
2076
2156
2232
2312
2392
2472
2552
2636
2712
2792
2872
2952
3032
3116
3192
3276
3352
3436
3512
3592
3672
3752
3832
3892
3904
3912
3992
4072
4148
4228
4308
4388
4468
4548
4628
4708
4788
4868
4948
5028
5108
5188
5268
5348
5428
5508
5588
5668
5708
5748
5828
5912
5944
5992
6072
6152
6232
6312
6392
6472
6556
6636
6716
6796
6876
6956
7036
7120
7200
7280
7316
7356
7440
7516
7600
7680
7760
7840
7920
8000
8080
8160
8240
8320
8400
8480
8560
8640
8720
8800
8880
8960
9040
9120
9196
9276
9356
9436
9516
9596
9676
9756
9836
9916
9996
10076
10156
10172
10236
10316
10396
10476
10556
10636
10712
10724
10796
10876
10956
11032
11116
11192
11276
11352
11436
11512
11592
11672
11752
11832
11912
11992
12068
12148
12228
12308
12388
12468
12548
12628
12708
12788
12868
12948
13028
13108
13188
13268
13348
13428
13508
13588
13668
13748
13828
13908
13988
14068
14148
14228
14276
14312
14392
14452
14472
14552
14632
14712
14792
14872
14952
15032
15116
15196
15276
15324
15332
15356
15436
15516
15596
15676
15756
15836
15916
15996
16076
16156
16236
16316
16396
16476
16556
16636
16716
16796
16876
16956
17032
17112
17192
17272
17352
17432
17512
17592
17672
17752
17832
17912
17992
18072
18152
18232
18312
18392
18464
18472
18552
18632
18708
18788
18868
18948
19028
19108
19188
19268
19348
19428
19504
19584
19664
19744
19824
19880
19888
19904
19984
20060
20140
20220
20300
20380
20460
20540
20620
20696
20780
20860
20940
21020
21100
21180
21260
21340
21416
21496
21576
21656
21672
21680
21736
21816
21896
21976
22060
22140
22220
22300
22380
22460
22540
22620
22700
22780
22860
22940
23020
23100
23180
23260
23312
23324
23340
23420
23500
23584
23660
23744
23824
23904
23984
24064
24144
24224
24304
24384
24464
24524
24536
24548
24624
24704
24784
24860
24940
25020
25100
25180
25260
25340
25416
25496
25576
25656
25736
25816
25896
25976
26056
26136
26164
26212
26292
26372
26452
26532
26612
26692
26772
26852
26932
27012
27080
27092
27172
27252
27328
27408
27488
27568
27648
27728
27804
27884
27964
28044
28124
28204
28284
28348
28356
28368
28440
28520
28600
28680
28760
28840
28920
29000
29080
29160
29240
29320
29400
29480
29560
29616
29628
29640
29648
29696
29708
29716
29800
29880
29960
30040
30120
30200
30280
30360
30440
30520
30600
30680
30760
30844
30924
31004
31084
31160
31244
31292
31320
31364
31404
31480
31560
31604
31616
31628
31640
31720
31800
31880
31960
32040
32120
32204
32280
32360
32440
32492
32500
32520
32596
32604
32680
32760
32840
32920
33000
33080
33156
33236
33316
33396
33440
33476
33556
33636
33716
33800
33876
33956
34036
34116
34192
34272
34352
34432
34512
34592
34672
34748
34828
34908
34988
35056
35064
35076
35148
35228
35308
35388
35468
35548
35624
35704
35784
35832
35864
35944
36024
36100
36180
36260
36312
36320
36340
36420
36500
36580
36656
36736
36816
36896
36976
37056
37136
37216
37296
37376
37456
37536
37596
37608
37620
37648
37660
37672
37696
37776
37828
37856
37936
38016
38096
38176
38256
38336
38420
38496
38504
38580
38660
38720
38740
38820
38900
38980
39060
39140
39220
39244
39300
39380
39460
39540
39580
39592
39620
39700
39780
39860
39944
40020
40100
40180
40260
40340
40420
40500
40580
40660
40740
40816
40896
40976
41056
41136
41216
41292
41372
41452
41532
41612
41692
41772
41852
41932
42012
42092
42112
42120
42172
42252
42332
42412
42492
42572
42652
42728
42808
42888
42968
43036
43048
43060
43128
43208
43288
43368
43444
43524
43604
43684
43764
43812
43844
43924
44000
44080
44160
44240
44296
44308
44320
44396
44476
44560
44636
44720
44796
44880
44956
45036
45116
45196
45276
45356
45436
45516
45596
45676
45756
45788
45836
45916
45996
46080
46156
46240
46320
46400
46480
46560
46640
46720
46800
46880
46960
47040
47120
47200
47240
47252
47280
47360
47440
47520
47540
47600
47680
47764
47844
47924
48004
48084
48164
48244
48324
48400
48436
48476
48488
48552
48560
48640
48720
48800
48880
48960
49040
49116
49196
49276
49356
49436
49516
49596
49676
49756
49836
49916
49996
50072
50132
50140
50152
50232
50312
50392
50472
50552
50632
50712
50792
50872
50948
51016
51032
51108
51188
51268
51348
51428
51508
51588
51664
51744
51824
51904
51984
52060
52140
52220
52272
52288
52296
52308
52380
52460
52540
52620
52700
52780
52860
52940
53020
53100
53180
53260
53340
53416
53500
53568
53576
53588
53600
53660
53740
53820
53860
53872
53900
53980
54060
54140
54220
54300
54380
54460
54544
54620
54704
54780
54864
54940
55024
55100
55184
55232
55244
55260
55340
55420
55500
55580
55660
55740
55820
55904
55984
56064
56144
56224
56304
56380
56444
56452
56464
56540
56620
56700
56780
56860
56940
57020
57100
57176
57256
57336
57376
57416
57496
57576
57656
57736
57816
57896
57976
58052
58108
58116
58132
58212
58292
58376
58452
58532
58612
58692
58768
58848
58928
59008
59088
59168
59248
59328
59408
59488
59568
59644
59724
59804
59884
59964
60044
60120
60200
60256
60272
60280
60360
60440
60520
60600
60680
60760
60840
60920
60996
61076
61156
61236
61316
61396
61476
61552
61564
61572
61636
61716
61796
61868
61876
61956
62040
62120
62200
62280
62360
62440
62520
62600
62676
62688
62760
62840
62920
63000
63080
63160
63200
63240
63320
63400
63480
63560
63640
63720
63800
63880
63960
64040
64120
64200
64280
64360
64400
64440
64520
64600
64680
64760
64836
64916
64996
65076
65156
65236
65316
65396
65476
20
100
180
260
340
416
496
568
580
656
736
816
896
976
1056
1132
1212
1292
1372
1448
1456
1532
1612
1692
1772
1848
1928
2008
2088
2132
2140
2168
0
