19300
19420
19548
19672
19800
19928
20056
20176
20184
20312
20428
20440
20568
20696
20824
20952
21080
21204
21332
21460
21588
21712
21840
21968
22096
22176
22188
22200
22212
22224
22352
22480
22608
22732
22860
22988
23116
23244
23372
23500
23612
23624
23752
23880
24008
24136
24264
24392
24520
24648
24744
24752
24772
24900
25028
25156
25284
25412
25540
25664
25792
25920
26048
26176
26304
26432
26556
26684
26812
26940
27064
27192
27320
27448
27576
27704
27832
27956
28084
28212
28340
28468
28596
28724
28852
28980
29108
29236
29364
29492
29616
29744
29872
30000
30128
30256
30320
30332
30384
30512
30640
30692
30768
30892
31020
31152
31276
31404
31532
31660
31788
31916
32044
32172
32300
32428
32556
32684
32812
32932
32940
33068
33180
33196
33324
33448
33576
33704
33832
33960
34088
34212
34340
34468
34596
34724
34852
34960
34968
34980
35104
35232
35360
35488
35616
35744
35868
35996
36124
36252
36380
36508
36636
36760
36888
37016
37144
37272
37400
37492
37504
37528
37656
37784
37908
38036
38164
38292
38420
38544
38672
38800
38928
39056
39184
39312
39436
39564
39692
39820
39948
40076
40200
40304
40312
40328
40456
40584
40712
40840
40968
41092
41220
41348
41476
41604
41732
41860
41992
42116
42244
42372
42496
42624
42752
42880
43008
43136
43264
43392
43520
43648
43776
43904
44028
44156
44284
44412
44544
44668
44796
44924
45052
45180
45308
45436
45564
45692
45808
45820
45928
45940
45952
46072
46200
46328
46456
46584
46712
46840
46968
47092
47220
47348
47476
47600
47684
47700
47712
47728
47856
47984
48112
48240
48368
48496
48624
48748
48876
49004
49120
49132
49260
49388
49512
49640
49768
49896
50024
50152
50264
50280
50408
50536
50660
50788
50916
51044
51172
51296
51424
51552
51680
51808
51936
52060
52188
52316
52444
52572
52700
52824
52952
53080
53208
53336
53464
53592
53716
53844
53972
54100
54228
54356
54484
54612
54740
54868
54996
55124
55252
55376
55504
55632
55760
55828
55840
55888
56016
56144
56272
56400
56524
56656
56780
56908
57036
57164
57292
57420
57548
57676
57804
57932
58060
58188
58316
58428
58440
58452
58568
58688
58700
58708
58824
58952
59080
59208
59336
59464
59592
59716
59844
59972
60100
60228
60352
60444
60456
60480
60608
60736
60864
60992
61120
61244
61372
61500
61628
61756
61884
62008
62136
62264
62392
62520
62648
62776
62904
62996
63004
63032
63156
63284
63412
63540
63668
63796
63924
64052
64176
64304
64432
64560
64684
64812
64940
65068
65196
65320
65448
40
168
296
424
548
676
804
932
1060
1188
1316
1444
1568
1700
1828
1956
2084
2208
2336
2464
2592
2720
2848
2976
3052
3104
3228
3356
3404
3484
3612
3740
3868
3996
4124
4252
4380
4508
4636
4764
4892
5020
5148
5272
5404
5528
5660
5784
5896
5904
5916
6040
6168
6240
6296
6424
6552
6680
6804
6932
7060
7188
7316
7440
7568
7672
7696
7824
7952
8080
8204
8332
8460
8588
8716
8844
8972
9096
9224
9352
9480
9608
9736
9860
9988
10116
10220
10232
10248
10372
10500
10628
10756
10880
11008
11136
11264
11392
11520
11648
11772
11900
12028
12156
12284
12408
12536
12664
12792
12916
13044
13172
13300
13428
13556
13684
13808
13936
14064
14192
14320
14448
14576
14704
14832
14960
15088
15216
15344
15468
15596
15724
15852
15980
16108
16236
16364
16492
16620
16744
16872
17000
17128
17256
17384
17512
17640
17768
17896
18024
18152
18280
18408
18536
18644
18656
18668
18792
18916
19044
19172
19300
19428
19556
19684
19808
19936
20064
20192
20316
20404
20416
20444
20572
20700
20828
20956
21084
21208
21336
21464
21592
21720
21848
21976
22100
22228
22356
22484
22612
22740
22868
22972
22980
22992
23120
23248
23376
23504
23632
23760
23884
24012
24140
24268
24392
24520
24648
24776
24904
25032
25160
25284
25412
25540
25668
25796
25920
26048
26176
26304
26396
26432
26560
26688
26812
26944
27068
27200
27328
27456
27584
27708
27836
27964
28092
28220
28344
28472
28548
28600
28728
28856
28912
28984
29112
29240
29368
29496
29624
29752
29880
30008
30136
30260
30388
30516
30644
30772
30900
31028
31156
31284
31396
31408
31416
31536
31664
31792
31920
32048
32176
32304
32432
32556
32684
32812
32940
33064
33156
33168
33192
33320
33448
33576
33704
33832
33960
34088
34212
34340
34468
34584
34596
34604
34724
34852
34976
35104
35232
35360
35488
35616
35724
35732
35744
35872
36000
36124
36252
36380
36508
36636
36764
36888
37016
37144
37272
37396
37524
37652
37780
37908
38036
38160
38288
38416
38512
38520
38544
38672
38800
38924
39052
39180
39308
39436
39564
39692
39820
39948
40076
40204
40332
40456
40584
40712
40840
40968
41096
41224
41292
41348
41476
41604
41648
41732
41860
41992
42116
42244
42372
42500
42628
42756
42884
43012
43136
43268
43392
43520
43648
43776
43900
43908
44032
44144
44152
44164
44288
44416
44540
44668
44796
44924
45052
45180
45304
45432
45560
45688
45816
45900
45912
45940
46068
46196
46324
46452
46580
46708
46832
46960
47088
47216
47336
47348
47468
47596
47724
47852
47980
48108
48236
48364
48492
48616
48744
48872
49000
49128
49256
49384
49508
49636
49764
49892
50020
50144
50272
50400
50528
50656
50780
50908
51036
51164
51264
51292
51420
51544
51672
51800
51928
52056
52184
52312
52436
52564
52692
52820
52948
53076
53204
53332
53460
53588
53716
53844
53968
54096
54224
54352
54480
54608
54736
54864
54992
55116
55248
55376
55504
55632
55756
55884
56012
56140
56268
56396
56524
56652
56780
56896
56908
56916
57036
57164
57288
57416
57544
57672
57800
57928
58052
58180
58308
58436
58560
58644
58656
58664
58688
58816
58944
59072
59200
59328
59452
59584
59708
59836
59964
60076
60088
60100
60216
60344
60472
60600
60728
60856
60984
61112
61224
61236
61244
61364
61492
61620
61748
61876
62004
62128
62256
62384
62512
62640
62768
62892
63020
63148
63276
63404
63528
63656
63784
63912
64000
64040
64164
64292
64420
64548
64632
64676
64804
64932
65056
65184
65312
65440
32
160
288
416
544
672
800
924
1052
1180
1308
1436
1564
1692
1820
1948
2076
2200
2328
2456
2584
2712
2840
2968
3096
3224
3352
3480
3608
3736
3864
3988
4108
4120
4244
4372
4500
4628
4756
4884
5012
5136
5264
5392
5520
5648
5772
5856
5900
6028
6156
6284
6412
6536
6664
6792
6920
7048
7176
7300
7312
7428
7556
7684
7812
7940
8068
8196
8324
8420
8428
8452
8576
8704
8832
8960
9088
9216
9340
9468
9596
9724
9848
9976
10104
10232
10360
10488
10612
10740
10868
10996
11120
11248
11376
11504
11632
11760
11888
12016
12140
12268
12396
12524
12652
12780
12908
13036
13164
13292
13420
13548
13672
13800
13928
13988
14000
14056
14184
14308
14436
14564
14692
14824
14948
15076
15204
15332
15460
15588
15716
15844
15972
16100
16228
16356
16484
16604
16616
16736
16848
16860
16868
16992
17120
17248
17376
17500
17628
17756
17884
18012
18140
18264
18392
18520
18620
18632
18648
18772
18900
19028
19156
19284
19412
19540
19664
19792
19920
20036
20044
20056
20176
20304
20428
20556
20684
20812
20940
21068
21168
21176
21196
21324
21448
21576
21704
21832
21960
22088
22212
22340
22468
22596
22724
22852
22976
23104
23232
23360
23484
23612
23740
23868
23996
24120
24248
24376
24504
24632
24760
24888
25012
25140
25268
25396
25524
25652
25780
25908
26036
26164
26292
26420
26544
26672
26740
26752
26800
26928
27056
27184
27312
27440
27568
27692
27820
27948
28076
28204
28332
28460
28588
28716
28844
28972
29100
29228
29356
29484
29608
29620
29736
29864
29992
30120
30248
30376
30500
30628
30756
30884
31012
31136
31264
31356
31368
31392
31520
31648
31776
31900
32028
32156
32284
32412
32540
32668
32792
32920
33048
33176
33304
33432
33556
33684
33812
33912
33920
33940
34068
34196
34320
34452
34576
34704
34832
34960
35088
35212
35340
35468
35596
35724
35852
35976
36104
36232
36360
36484
36612
36740
36872
36996
37120
37248
37376
37504
37632
37760
37888
38016
38144
38272
38400
38528
38652
38780
38908
39036
39164
39292
39416
39488
39544
39672
39800
39848
39928
40056
40184
40312
40440
40568
40696
40824
40952
41080
41204
41332
41460
41588
41716
41844
41972
42100
42228
42348
42360
42480
42608
42736
42864
42992
43120
43248
43376
43500
43628
43756
43884
44008
44100
44112
44136
44264
44392
44520
44648
44776
44904
45032
45156
45284
45412
45536
45548
45668
45792
45920
46048
46176
46304
46432
46560
46636
46656
46668
46688
46812
46940
47068
47196
47324
47452
47580
47704
47832
47960
48088
48212
48340
48468
48596
48724
48848
48976
49104
49232
49360
49484
49612
49740
49868
49996
50124
50252
50376
50504
50632
50760
50888
51016
51144
51272
51400
51528
51656
51780
51908
52036
52164
52292
52420
52544
52672
52800
52928
53056
53184
53312
53440
53568
53696
53824
53952
54080
54208
54336
54464
54592
54716
54844
54972
55092
55100
55112
55228
55356
55484
55612
55736
55864
55992
56120
56248
56372
56500
56628
56756
56848
56860
56884
57008
57136
57264
57392
57520
57648
57776
57900
58028
58156
58284
58408
58540
58664
58792
58920
59048
59176
59304
59400
59432
59556
59684
59812
59940
60068
60196
60324
60448
60576
60704
60832
60960
61084
61212
61340
61468
61596
61724
61848
61976
62100
62228
62356
62484
62612
62740
62868
62996
63120
63248
63376
63504
63632
63760
63888
64016
64144
64272
64400
64528
64652
64780
64908
64976
64988
65036
65164
65292
65420
12
136
268
392
520
648
776
904
1032
1160
1288
1416
1544
1672
1800
1928
2056
2180
2296
2304
2316
2436
2564
2692
2820
2948
3076
3200
3328
3456
3584
3708
3836
3964
4060
4072
4092
4220
4348
4476
4600
4728
4856
4984
5108
5236
5364
5492
5620
5748
5876
6000
6128
6256
6384
6512
6612
6620
6640
6764
6896
7020
7148
7276
7404
7532
7656
7784
7912
8040
8168
8296
8424
8548
8676
8804
8932
9056
9184
9312
9440
9568
9692
9820
9948
10032
10076
10204
10332
10456
10584
10712
10840
10968
11096
11224
11352
11480
11608
11736
11860
11988
12116
12188
12244
12372
12500
12628
12756
12884
13012
13136
13264
13392
13520
13648
13776
13904
14032
14160
14288
14416
14544
14672
14800
14808
14924
15036
15048
15060
15180
15272
15280
15308
15436
15564
15692
15820
15948
16072
16200
16328
16456
16584
16708
16796
16808
16836
16964
17092
17220
17348
17476
17600
17728
17856
17984
18112
18236
18248
18364
18492
18620
18748
18876
19004
19132
19260
19360
19372
19388
19512
19640
19768
19896
20024
20152
20276
20404
20532
20660
20788
20916
21044
21168
21296
21424
21552
21676
21804
21932
22060
22188
22312
22444
22568
22696
22824
22952
23080
23208
23336
23460
23592
23720
23848
23972
24100
24228
24356
24484
24612
24736
24864
24932
24944
24992
25120
25248
25376
25504
25632
25760
25884
26012
26144
26272
26400
26528
26656
26784
26912
27036
27164
27292
27420
27548
27676
27788
27800
27808
27932
28056
28184
28312
28440
28568
28696
28824
28948
29076
29204
29332
29460
29552
29588
29712
29840
29968
30096
30224
30352
30480
30604
30732
30860
30976
30984
30996
31116
31244
31368
31496
31624
31752
31880
32008
32100
32112
32136
32264
32392
32516
32644
32776
32900
33028
33156
33280
33408
33536
33664
33792
33920
34044
34172
34300
34428
34556
34680
34808
34904
34936
35064
35192
35316
35448
35572
35700
35828
35956
36084
36212
36340
36468
36596
36724
36852
36976
37104
37232
37360
37488
37616
37684
37696
37744
37868
37996
38124
38252
38380
38508
38636
38764
38892
39020
39148
39276
39404
39532
39660
39788
39916
40044
40168
40296
40308
40424
40540
40552
40560
40680
40808
40884
40936
41064
41192
41316
41444
41572
41700
41828
41952
42080
42208
42304
42312
42336
42464
42592
42720
42844
42972
43100
43228
43356
43480
43608
43736
43864
43992
44120
44244
44376
44500
44628
44756
44844
44856
44884
45012
45140
45264
45392
45520
45648
45776
45904
46032
46156
46284
46412
46540
46668
46796
46920
47048
47176
47304
47428
47556
47684
47812
47940
48068
48196
48320
48448
48576
48704
48832
48960
49088
49216
49344
49472
49596
49724
49852
49980
50108
50236
50364
50492
50616
50744
50872
51000
51128
51256
51384
51512
51640
51768
51896
52024
52152
52276
52404
52532
52660
52788
52916
53044
53056
53172
53300
53428
53556
53628
53684
53812
53936
54064
54192
54320
54448
54576
54700
54828
54956
55040
55052
55084
55208
55336
55468
55592
55720
55848
55976
56104
56228
56356
56484
56612
56740
56864
56992
57120
57248
57376
57504
57596
57608
57632
57756
57884
58012
58140
58268
58396
58524
58652
58776
58904
59032
59160
59288
59412
59540
59668
59796
59924
60048
60176
60304
60408
60432
60560
60684
60812
60940
61068
61196
61324
61452
61580
61708
61836
61964
62092
62216
62344
62472
62600
62728
62852
62980
63108
63236
63364
63492
63620
63748
63876
64004
64128
64256
64388
64512
64644
64768
64896
65024
65152
65280
65408
0
128
252
264
384
492
504
516
636
764
832
892
1020
1148
1276
1400
1528
1656
1784
1912
2036
2164
2248
2260
2292
2420
2548
2676
2800
2928
3060
3184
3312
3440
3568
3696
3820
3948
4076
4204
4332
4460
4588
4716
4840
4968
5096
5224
5352
5480
5608
5736
5860
5988
6116
6240
6368
6496
6624
6752
6880
7008
7132
7260
7388
7516
7640
7768
7896
8024
8152
8280
8408
8532
8660
8788
8916
9044
9172
9300
9428
9556
9684
9812
9940
10064
10192
10320
10448
10576
10704
10832
10956
11084
11212
11340
11468
11596
11724
11852
11980
12108
12236
12364
12492
12620
12748
12876
13000
13008
13128
13240
13248
13260
13384
13512
13640
13768
13896
14020
14148
14276
14404
14532
14656
14784
14912
15004
15012
15040
15168
15292
15424
15548
15676
15804
15932
16060
16184
16312
16440
16568
16696
16820
16948
17076
17204
17332
17460
17564
17588
17716
17844
17968
18096
18224
18352
18480
18608
18732
18860
18988
19116
19244
19368
19496
19624
19752
19880
20004
20132
20260
20388
20516
20644
20768
20896
21024
21152
21280
21408
21536
21660
21792
21920
22044
22172
22300
22428
22556
22684
22812
22936
23064
23132
23140
23192
23320
23448
23576
23704
23832
23960
24084
24212
24340
24468
24596
24724
24852
24980
25108
25236
25364
25492
25620
25744
25756
25876
25984
25992
26004
26128
26256
26384
26512
26640
26768
26896
27020
27148
27276
27404
27532
27656
27744
27752
27784
27912
28040
28168
28296
28420
28548
28680
28804
28932
29060
29184
29312
29440
29568
29696
29824
29952
30076
30204
30332
30460
30588
30712
30840
30968
31096
31224
31352
31480
31604
31732
31860
31988
32116
32244
32372
32496
32624
32752
32880
33004
33132
33260
33388
33516
33644
33772
33896
34024
34152
34280
34408
34536
34664
34792
34920
35044
35172
35300
35428
35556
35684
35812
35872
35884
35936
36064
36192
36320
36448
36576
36704
36832
36960
37088
37216
37344
37472
37600
37728
37852
37980
38108
38236
38364
38488
38500
38620
38732
38740
38752
38872
39000
39128
39256
39384
39512
39640
39768
39892
40020
40148
40276
40404
40480
40492
40528
40656
40784
40912
41040
41168
41296
41424
41548
41676
41804
41932
42060
42188
42312
42440
42568
42696
42824
42952
43044
43056
43080
43204
43332
43460
43588
43716
43844
43972
44096
44224
44352
44480
44604
44732
44860
44988
45116
45244
45368
45496
45624
45752
45852
45876
46004
46132
46260
46388
46464
46516
46644
46768
46896
47024
47152
47280
47408
47536
47664
47792
47920
48048
48172
48300
48428
48556
48684
48808
48936
48988
49064
49192
49320
49448
49576
49704
49832
49960
50088
0
