19300
19324
19440
19552
19668
19780
19892
20008
20120
20236
20340
20352
20460
20576
20688
20804
20916
21032
21144
21260
21372
21488
21600
21716
21828
21940
22056
22172
22284
22396
22508
22624
22736
22848
22964
23076
23192
23304
23420
23532
23648
23760
23876
23988
24104
24216
24332
24444
24560
24672
24788
24900
25016
25128
25244
25316
25356
25472
25584
25640
25652
25696
25812
25924
26040
26152
26268
26380
26496
26612
26724
26840
26952
27068
27180
27292
27408
27520
27636
27748
27864
27976
28088
28204
28316
28432
28544
28656
28772
28884
29000
29112
29228
29340
29452
29564
29680
29792
29904
30016
30128
30244
30356
30468
30584
30696
30812
30924
31036
31152
31264
31380
31492
31604
31716
31728
31832
31948
32060
32172
32288
32404
32516
32628
32744
32856
32972
33084
33200
33312
33424
33540
33652
33764
33880
33992
34104
34192
34220
34332
34444
34560
34672
34788
34900
35016
35128
35244
35356
35472
35588
35700
35816
35928
36040
36156
36268
36384
36496
36612
36696
36708
36724
36836
36952
37064
37180
37292
37408
37520
37632
37748
37860
37976
38088
38204
38316
38432
38544
38660
38772
38888
39000
39112
39228
39340
39456
39568
39684
39796
39908
40024
40136
40248
40364
40476
40588
40700
40800
40816
40928
41040
41152
41264
41380
41492
41604
41720
41832
41944
42060
42172
42288
42400
42512
42628
42740
42852
42968
43072
43084
43196
43308
43420
43536
43648
43764
43876
43992
44104
44216
44332
44444
44560
44672
44784
44900
45012
45124
45240
45352
45464
45564
45580
45692
45808
45920
46032
46148
46260
46376
46488
46604
46716
46832
46944
47060
47172
47288
47400
47512
47628
47740
47856
47968
48084
48196
48308
48424
48536
48652
48764
48876
48992
49104
49220
49332
49448
49560
49676
49788
49904
50016
50128
50244
50356
50472
50548
50560
50584
50696
50704
50792
50804
50812
50908
50916
50928
51040
51152
51264
51380
51492
51604
51720
51832
51944
52060
52172
52284
52396
52512
52624
52736
52848
52960
53076
53188
53300
53416
53528
53644
53756
53868
53984
54096
54208
54324
54428
54440
54548
54664
54776
54892
55004
55120
55232
55348
55460
55572
55688
55800
55916
56028
56140
56256
56368
56480
56596
56708
56820
56908
56916
56936
57048
57160
57276
57388
57504
57616
57728
57844
57956
58072
58184
58300
58416
58528
58640
58756
58868
58984
59096
59208
59324
59400
59436
59552
59664
59732
59744
59776
59892
60004
60120
60232
60348
60460
60576
60688
60804
60916
61032
61144
61256
61372
61484
61600
61712
61740
61824
61844
61940
62052
62164
62280
62392
62508
62620
62736
62848
62960
63076
63188
63300
63416
63528
63640
63752
63868
63980
64092
64204
64316
64428
64544
64656
64772
64884
64996
65112
65224
65340
65452
28
144
256
368
484
596
708
824
936
1052
1164
1276
1392
1504
1620
1732
1844
1960
2072
2184
2300
2412
2524
2636
2752
2864
2980
3092
3208
3320
3388
3432
3548
3660
3776
3888
4004
4116
4232
4344
4460
4572
4684
4800
4912
5028
5140
5224
5256
5368
5480
5596
5708
5820
5936
6048
6164
6276
6392
6504
6620
6732
6848
6960
7072
7188
7300
7416
7528
7544
7640
7720
7756
7860
7872
7984
8096
8208
8324
8436
8552
8664
8776
8888
9004
9116
9228
9320
9332
9344
9456
9568
9680
9792
9904
10016
10132
10248
10356
10472
10584
10700
10812
10924
11040
11152
11264
11380
11492
11596
11608
11720
11832
11948
12060
12176
12288
12400
12516
12628
12740
12856
12968
13080
13196
13308
13424
13536
13648
13760
13876
13988
14076
14100
14216
14328
14444
14556
14672
14784
14896
15012
15124
15240
15352
15468
15580
15696
15808
15920
16036
16148
16264
16376
16492
16604
16716
16832
16944
17056
17172
17288
17396
17512
17624
17740
17856
17968
18080
18196
18312
18424
18536
18648
18764
18876
18992
19060
19104
19208
19220
19332
19444
19560
19672
19784
19900
20012
20124
20240
20352
20464
20580
20692
20736
20748
20804
20916
21028
21140
21252
21364
21480
21592
21704
21820
21932
22044
22160
22272
22384
22500
22612
22724
22840
22940
22952
22960
23064
23180
23292
23408
23520
23636
23748
23860
23976
24088
24200
24316
24428
24544
24656
24772
24884
24996
25108
25224
25336
25428
25448
25560
25676
25788
25904
26016
26128
26244
26356
26472
26584
26700
26812
26928
27040
27152
27268
27380
27496
27608
27720
27836
27904
27916
27948
28064
28176
28288
28404
28516
28632
28744
28856
28972
29084
29200
29312
29428
29540
29652
29768
29880
29996
30108
30224
30336
30416
30428
30448
30556
30568
30676
30788
30904
31016
31128
31244
31356
31468
31584
31696
31808
31920
31988
32008
32020
32036
32148
32260
32372
32484
32596
32708
32824
32936
33048
33164
33276
33388
33504
33616
33728
33844
33956
34068
34184
34284
34296
34408
34524
34636
34748
34864
34976
35092
35204
35316
35432
35544
35656
35772
35884
35996
36112
36224
36336
36448
36564
36676
36760
36788
36904
37016
37128
37244
37356
37472
37584
37696
37812
37924
38040
38152
38268
38380
38496
38608
38720
38836
38948
39060
39176
39244
39256
39288
39404
39516
39588
39628
39744
39856
39972
40084
40196
40312
40424
40540
40652
40768
40880
40992
41108
41220
41332
41448
41560
41672
41788
41900
42012
42076
42128
42240
42352
42468
42580
42692
42808
42920
43032
43148
43260
43372
43484
43596
43712
43824
43936
44048
44160
44272
44388
44500
44612
44728
44840
44952
45068
45180
45292
45408
45520
45624
45636
45744
45860
45972
46088
46200
46316
46428
46540
46652
46768
46880
46992
47108
47220
47332
47448
47560
47672
47784
47900
48012
48124
48240
48352
48464
48580
48692
48804
48920
49032
49148
49260
49376
49488
49600
49716
49828
49944
50056
50168
50284
50396
50508
50592
50624
50736
50848
50964
51076
51188
51304
51416
51528
51644
51756
51872
51984
52100
52212
52328
52440
52552
52668
52780
52892
53004
53032
53068
53120
53232
53348
53448
53460
53572
53688
53800
53912
53968
53980
54024
54140
54252
54364
54480
54592
54676
54688
54704
54816
54928
55040
55152
55268
55380
55492
55604
55720
55832
55944
56056
56172
56284
56396
56512
56624
56736
56852
56960
56968
57076
57192
57304
57416
57532
57644
57760
57872
57984
58100
58212
58324
58440
58552
58664
58780
58892
59004
59116
59232
59344
59456
59568
59684
59796
59912
60020
60136
60248
60364
60480
60592
60704
60820
60932
61048
61160
61272
61388
61500
61616
61728
61840
61928
61956
62068
62180
62256
62296
62408
62520
62636
62748
62860
62976
63088
63204
63316
63432
63544
63660
63772
63884
64000
64112
64224
64336
64412
64424
64452
64556
64564
64576
64676
64776
64784
64796
64904
65020
65132
65244
65360
65472
48
164
276
388
472
484
500
612
724
840
952
1064
1176
1288
1400
1516
1628
1740
1852
1968
2080
2196
2308
2420
2532
2648
2760
2872
2988
3100
3212
3328
3440
3556
3668
3780
3896
4008
4120
4236
4348
4460
4576
4688
4800
4912
5028
5140
5252
5364
5480
5592
5704
5820
5932
6044
6160
6272
6388
6500
6616
6728
6844
6956
7068
7184
7296
7408
7524
7636
7720
7728
7752
7864
7976
8052
8092
8204
8316
8432
8544
8656
8772
8884
9000
9112
9228
9340
9452
9568
9680
9792
9908
10020
10052
10132
10248
10304
10312
10360
10472
10588
10700
10816
10928
11040
11152
11268
11380
11492
11604
11720
11800
11832
11944
12056
12172
12280
12396
12508
12620
12732
12848
12960
13072
13184
13300
13412
13524
13640
13752
13864
13980
14072
14080
14092
14204
14316
14432
14544
14660
14772
14884
14996
15112
15224
15336
15452
15564
15676
15788
15904
16016
16128
16244
16356
16468
16580
16696
16808
16920
17036
17148
17260
17376
17488
17604
17716
17832
17944
18056
18172
18284
18400
18512
18624
18740
18852
18964
19056
19080
19192
19304
19420
19532
19644
19760
19872
19984
20100
20212
20328
20440
20556
20668
20780
20896
21008
21120
21236
21348
21460
21576
21628
21640
21688
21800
21872
21880
21916
22028
22140
22256
22368
22480
22592
22708
22820
22932
23044
23104
23128
23136
23160
23272
23384
23496
23608
23720
23832
23944
24056
24172
24284
24396
24512
24624
24740
24852
24964
25076
25188
25304
25416
25528
25644
25756
25868
25984
26096
26212
26324
26436
26548
26664
26776
26888
27004
27116
27228
27340
27456
27568
27680
27792
27888
27908
28020
28132
28248
28360
28472
28588
28700
28812
28928
29040
29156
29268
29384
29496
29608
29724
29836
29952
30064
30176
30292
30364
30380
30404
30516
30628
30704
30744
30856
30968
31084
31196
31308
31424
31536
31652
31764
31880
31992
32104
32220
32332
32444
32560
32672
32784
32900
32952
32964
33012
33124
33240
33352
33464
33580
33692
33804
33920
34032
34144
34256
34368
34432
34452
34484
34596
34708
34824
34932
35044
35156
35268
35380
35496
35608
35720
35836
35948
36060
36176
36288
36400
36512
36628
36724
36740
36852
36968
37080
37192
37308
37420
37532
37648
37760
37872
37984
38100
38212
38324
38440
38552
38664
38776
38892
39004
39116
39228
39344
39456
39568
39684
39796
39908
40024
40136
40248
40364
40476
40592
40704
40820
40932
41044
41160
41272
41384
41500
41612
41696
41724
41840
41952
42028
42064
42180
42292
42408
42520
42632
42744
42860
42972
43088
43200
43312
43428
43540
43652
43768
43880
43992
44108
44188
44196
44220
44332
44344
44428
44448
44548
44560
44572
44580
44640
44652
44672
44780
44792
44900
45012
45128
45240
45352
45468
45580
45692
45768
45780
45804
45916
46028
46144
46256
46368
46480
46592
46704
46820
46932
47044
47156
47272
47384
47496
47612
47724
47836
47948
48052
48064
48176
48288
48404
48516
48632
48744
48856
48968
49084
49196
49308
49424
49536
49648
49764
49876
49988
50100
50216
50328
50440
50532
50544
50552
50668
50780
50892
51008
51120
51232
51348
51460
51572
51688
51800
51916
52028
52144
52256
52368
52484
52596
52712
52824
52936
53016
53028
53052
53164
53276
53392
53504
53616
53732
53844
53956
54072
54184
54300
54412
54528
54640
54752
54868
54980
55092
55204
55320
55432
55492
55500
55548
55660
55756
55768
55780
55884
55976
56000
56112
56224
56340
56452
56564
56680
56792
56904
57016
57104
57132
57244
57356
57468
57580
57692
57808
57920
58032
58144
58260
58376
58484
58600
58712
58824
58936
59052
59164
59276
59392
59504
59616
59732
59844
59960
60072
60184
60300
60412
60524
60636
60752
60864
60980
61092
61204
61316
61432
61544
61656
61772
61860
61884
61996
62112
62224
62336
62448
62564
62676
62788
62904
63016
63132
63248
63360
63472
63588
63700
63816
63928
64040
64156
64268
64344
64356
64364
64380
64496
64608
64720
64836
64948
65064
65176
65288
65404
65516
96
208
320
436
548
664
776
888
1000
1116
1140
1228
1308
1316
1344
1396
1408
1456
1540
1548
1568
1684
1796
1912
2024
2136
2252
2364
2476
2588
2704
2816
2928
3040
3152
3264
3380
3492
3528
3604
3716
3828
3944
4056
4168
4280
4396
4508
4620
4736
4848
4960
5076
5184
5300
5416
5528
5640
5756
5868
5984
6096
6208
6324
6436
6548
6664
6776
6892
7004
7116
7228
7340
7456
7568
7680
7796
7908
8020
8136
8248
8360
8476
8588
8704
8816
8932
9044
9160
9272
9384
9500
9612
9728
9840
9952
10068
10144
10152
10180
10292
10408
10520
10636
10748
10860
10972
11088
11200
11316
11428
11544
11656
11768
11884
11996
12080
12092
12112
12224
12336
12452
12464
12476
12564
12676
12732
12744
12792
12904
12960
12968
13016
13132
13244
13360
13472
13584
13700
13812
13924
14040
14152
14228
14264
14376
14488
14604
14712
14828
14940
15052
15164
15276
15392
15504
15516
15616
15732
15844
15956
16072
16184
16296
16412
16512
16524
16636
16752
16864
16976
17092
17204
17320
17432
17544
17660
17772
17884
18000
18112
18224
18340
18452
18564
18676
18792
18904
19016
19132
19244
19356
19472
19580
19696
19812
19924
20040
20152
20268
20380
20496
20608
20720
20836
20948
21064
21176
21288
21404
21480
21492
21516
21628
21744
21828
21856
21968
22084
22196
22308
22424
22536
22652
22764
22880
22992
23108
23220
23332
23448
23560
23672
23788
23808
23820
23900
23972
24016
24128
24240
24308
24352
24468
24584
24696
24808
24920
25036
25148
25260
25372
25488
25576
25588
25600
25712
25824
25940
26052
26164
26276
26388
26500
26616
26728
26840
26952
27068
27180
27296
27408
27520
27632
27748
27860
27972
28088
28200
28316
28428
28544
28656
28768
28884
28996
29108
29224
29336
29448
29560
29676
29788
29900
30016
30128
30240
30336
30352
30464
30580
30692
30804
30920
31032
31144
31260
31372
31488
31600
31716
31828
31944
32056
32172
32284
32396
32512
32624
32736
32812
32832
32852
32964
33076
33144
33192
33304
33416
33532
33644
33760
33872
33988
34100
34216
34328
34440
34556
34668
34784
34896
35008
35124
35140
35148
35236
35308
35320
35348
35396
35408
35460
35540
35552
35576
35628
35688
35804
35916
36028
36144
36256
36368
36484
36596
36708
36820
36932
36944
37048
37160
37272
37384
37496
37608
37724
37836
37948
38064
38176
38288
38404
38516
38628
38740
38856
38968
39080
39196
39308
39420
39536
39648
39764
39876
39988
40104
40216
40328
40444
40556
40668
40780
40896
41008
41120
41236
41348
41460
41572
41668
41688
41800
41916
42028
42140
42256
42368
42480
42596
42708
42820
42936
43052
43164
43280
43392
43504
43620
43732
43844
43960
44072
44140
44160
44168
44188
44300
44412
44528
44640
44752
44868
44980
45092
45208
45320
45436
45548
45664
45776
45892
46004
46116
46232
46344
46456
46464
46572
46624
46632
46684
46796
46912
47024
47136
47252
47364
47480
47592
47704
47820
47932
48044
48156
48244
48256
48272
48352
48360
48384
48496
48608
48720
48832
48944
49060
49172
49284
49396
49508
49516
49624
49736
49852
49964
50076
50192
50304
50416
50520
50532
50540
50644
50756
50872
50984
51100
51212
51324
51440
51552
51664
51776
51892
52004
52120
52232
52344
52460
52572
52684
52796
52912
53024
53136
53248
53364
53476
53588
53704
53816
53932
54044
54160
54272
54388
54500
54616
54728
54840
54956
55068
55180
55296
55408
55492
55500
55524
55636
55748
55820
55864
55976
56088
56204
56316
56432
56544
56660
56772
56888
57000
57112
57228
57340
57452
57568
57680
57796
57828
57908
58020
58132
58248
58360
58472
58588
58700
58812
58928
59040
59156
59268
59380
59492
59592
59600
59612
59720
59832
59944
60056
60172
60280
60396
60508
60620
60736
60848
60872
60960
61072
61188
61300
61412
61524
61640
61752
61864
61980
62092
62204
62320
62432
62548
62660
62772
62888
63000
63112
63228
63340
63452
63568
63680
63792
63904
64020
64132
64244
64344
64356
64472
64584
64696
64812
64924
64936
65036
65148
65264
65376
65492
68
184
296
412
524
640
752
864
980
1092
1204
1280
1300
1308
1320
1432
1544
1612
1660
1772
1884
2000
2112
2224
2340
2452
2568
2680
2796
2908
3020
3136
3248
3360
3476
3588
3700
3816
3928
4040
4156
4268
4380
4496
4608
4720
4836
4948
5060
5172
5284
5400
5408
5512
5624
5736
5848
5960
6076
6188
6300
6412
6524
6640
6752
6864
6976
7092
7204
7316
7432
7544
7644
7656
7768
7884
7996
8112
8224
8336
8452
8564
8676
8788
8904
9016
9128
9240
9356
9468
9580
9696
9808
9920
10032
10144
10260
10372
10484
10600
10712
10824
10936
11052
11164
11280
11392
11508
11620
11736
11848
11960
12076
12188
12300
12416
12528
12604
12612
12640
12756
12868
12940
12980
13096
13208
13320
13432
13548
13660
13776
13888
14000
14116
14228
14344
14456
14568
14684
14796
14908
15020
15136
15248
15360
15476
15588
15700
15816
15928
16040
16152
16268
16380
16492
16604
16720
16832
0
