12
2504
8296
11296
13632
15656
17456
19076
20556
21940
23240
24160
24480
25648
26772
27856
28892
29896
30864
31792
32700
33576
34432
35272
36092
36888
37668
38440
38832
38844
39192
39936
40664
41272
41312
41320
41384
42096
42800
43496
44176
44856
45532
46192
46852
47496
48136
48760
49384
50000
50612
51220
51816
52416
53004
53588
54156
54728
55160
55292
55852
56408
56960
57504
58044
58576
59108
59628
60148
60660
61172
61672
62176
62680
63172
63660
64144
64628
65104
48
520
984
1448
1916
2376
2836
3292
3744
4196
4644
5092
5536
5980
6420
6860
7300
7736
8168
8596
9028
9456
9884
10308
10732
11152
11572
11988
12404
12816
13228
13636
14044
14432
14444
14852
15256
15656
16056
16452
16848
17140
17148
17244
17636
18028
18416
18808
19196
19580
19964
20344
20720
21100
21476
21848
22220
22592
22836
22856
22868
22964
23332
23704
24072
24440
24804
25172
25532
25892
26256
26620
26984
27340
27700
28056
28416
28768
29120
29472
29820
30168
30516
30864
31208
31552
31780
31792
31804
31896
32240
32580
32920
33260
33600
33936
34272
34604
34940
35268
35604
35904
35916
35932
36260
36588
36912
37240
37560
37884
38208
38532
38852
39172
39488
39812
40128
40444
40760
41076
41392
41708
42024
42336
42648
42960
43272
43584
43896
44204
44512
44824
45132
45440
45748
46052
46360
46664
46972
47272
47576
47880
48180
48484
48756
48768
48776
48788
49084
49384
49684
49984
50280
50532
50540
50556
50568
50576
50880
51176
51472
51768
52064
52364
52656
52952
53244
53532
53828
54120
54408
54696
54988
55188
55200
55272
55564
55848
56136
56180
56424
56712
57004
57288
57572
57860
58144
58432
58716
59000
59284
59568
59852
60132
60416
60696
60976
61252
61532
61808
62088
62260
62272
62364
62640
62916
63192
63468
63740
64012
64288
64560
64832
65104
65376
104
116
376
648
912
1180
1448
1716
1980
2248
2512
2776
2800
3036
3304
3564
3828
4092
4352
4616
4876
5140
5400
5664
5924
6184
6444
6704
6964
7220
7480
7736
7996
8252
8512
8768
9024
9280
9536
9788
10044
10300
10552
10808
10820
11064
11316
11572
11824
12076
12328
12580
12832
13084
13336
13588
13840
14092
14344
14588
14840
15088
15336
15588
15836
16084
16232
16244
16260
16268
16332
16580
16824
17072
17168
17176
17320
17568
17816
18060
18308
18556
18800
19048
19292
19540
19784
20028
20272
20516
20760
21004
21248
21488
21732
21972
22212
22404
22452
22692
22932
23176
23416
23652
23892
24132
24368
24608
24844
25084
25316
25344
25556
25792
26028
26264
26500
26732
26964
27200
27432
27668
27900
28132
28364
28596
28828
29060
29292
29524
29756
29988
30220
30448
30680
30912
31144
31372
31600
31832
32060
32288
32516
32748
32976
33204
33432
33660
33888
34116
34340
34568
34780
34796
35024
35252
35476
35704
35928
36080
36096
36108
36156
36380
36604
36832
37056
37284
37508
37732
37960
38180
38404
38628
38852
39076
39296
39520
39664
39744
39964
40188
40412
40520
40528
40632
40856
41080
41300
41520
41744
41968
42188
42412
42632
42852
43076
43296
43516
43736
43956
44176
44396
44616
44832
45052
45252
45268
45488
45704
45920
46140
46356
46572
46788
47004
47220
47432
47652
47864
48080
48296
48512
48724
48936
49152
49364
49580
49792
50004
50216
50428
50640
50852
51064
51276
51488
51700
51912
51964
51976
52120
52332
52544
52756
52968
53180
53388
53600
53808
54016
54228
54440
54648
54856
55064
55276
55484
55692
55900
56108
56316
56524
56732
56940
57148
57360
57564
57752
57772
57892
57900
57980
58188
58396
58604
58812
59024
59228
59436
59640
59848
60056
60260
60468
60672
60880
61036
61048
61084
61288
61496
61700
61716
61908
62112
62316
62520
62728
62932
63140
63344
63548
63752
63956
64164
64368
64572
64776
64980
65184
65384
56
256
460
660
864
1068
1268
1468
1668
1868
2072
2272
2468
2668
2868
3068
3080
3268
3472
3668
3868
4064
4264
4464
4664
4860
5040
5052
5060
5256
5452
5652
5848
6048
6244
6440
6636
6832
7028
7228
7424
7620
7820
8016
8212
8408
8604
8796
8992
9188
9384
9580
9776
9968
10164
10360
10552
10748
10940
11112
11124
11136
11332
11524
11720
11916
12108
12272
12284
12300
12376
12496
12688
12884
13080
13276
13468
13664
13856
14048
14240
14436
14628
14820
15012
15208
15312
15320
15332
15356
15400
15592
15784
15980
16048
16060
16172
16364
16560
16748
16944
17136
17328
17524
17716
17908
18100
18292
18484
18676
18868
19056
19248
19440
19632
19820
20012
20140
20148
20200
20392
20584
20772
20964
21152
21340
21528
21716
21904
22092
22280
22468
22480
22656
22848
23032
23220
23408
23596
23784
23972
24156
24344
24528
24716
24904
25088
25276
25460
25648
25832
26020
26048
26204
26392
26576
26760
26948
27136
27320
27504
27688
27872
28060
28244
28428
28612
28796
28984
29168
29352
29536
29720
29904
30068
30088
30272
30456
30640
30824
31008
31192
31284
31376
31560
31740
31924
32112
32296
32480
32664
32848
33032
33216
33396
33580
33760
33944
34048
34060
34072
34128
34312
34492
34676
34860
35044
35228
35408
35592
35772
35956
36140
36324
36504
36688
36872
37052
37236
37416
37600
37784
37964
38148
38328
38508
38644
38656
38688
38868
39052
39232
39412
39592
39772
39952
40132
40308
40488
40668
40844
40856
41024
41204
41384
41560
41740
41920
42096
42276
42452
42632
42808
42988
43164
43344
43520
43696
43876
44052
44232
44272
44408
44584
44760
44940
45116
45292
45468
45644
45820
45996
46172
46352
46528
46704
46880
47056
47232
47408
47584
47760
47932
48108
48284
48460
48636
48812
48988
49116
49132
49140
49164
49336
49512
49688
49864
50040
50216
50392
50568
50744
50920
51096
51268
51444
51620
51796
51908
51920
51932
51940
51952
51968
52144
52320
52492
52572
52580
52668
52844
53020
53192
53368
53544
53716
53892
54068
54240
54416
54592
54764
54940
55116
55288
55464
55636
55812
55984
56156
56256
56328
56504
56676
56848
57020
57192
57368
57540
57712
57880
58052
58224
58396
58568
58740
58912
59080
59252
59424
59592
59764
59936
60108
60276
60448
60616
60788
60956
61128
61300
61468
61640
61808
61980
62148
62320
62488
62660
62828
63000
63168
63336
63504
63676
63844
64012
64184
64352
64520
64688
64860
65028
65196
65348
65360
65368
65532
168
336
504
672
840
1008
1176
1344
1512
1684
1852
2020
2188
2356
2524
2692
2860
3028
3196
3368
3496
3504
3536
3704
3872
4040
4116
4128
4208
4376
4544
4712
4880
5048
5216
5384
5552
5724
5892
6060
6228
6396
6564
6728
6900
7064
7232
7400
7564
7660
7672
7732
7900
8068
8232
8400
8564
8732
8896
9064
9228
9392
9560
9724
9888
10056
10220
10384
10552
10716
10880
11048
11212
11376
11540
11704
11868
12032
12196
12360
12524
12688
12852
13016
13180
13344
13508
13672
13836
14000
14164
14328
14488
14652
14816
14980
15144
15308
15472
15632
15796
15960
16124
16284
16412
16448
16612
16776
16936
17100
17264
17428
17588
17752
17916
18076
18240
18404
18568
18728
18892
19052
19216
19376
19540
19704
19864
19964
19980
19992
20028
20192
20352
20516
20596
20608
20680
20840
21004
21164
21328
21492
21656
21820
21980
22144
22304
22468
22628
22792
22956
23116
23280
23440
23604
23764
23928
24004
24016
24088
24248
24412
24572
24732
24892
25052
25216
25376
25536
25696
25856
26016
26176
26336
26496
26656
26816
26976
27132
27296
27456
27576
27588
27600
27612
27772
27932
28092
28252
28412
28568
28728
28888
29048
29208
29364
29524
29684
29844
30004
30160
30316
30476
30636
30792
30952
31108
31268
31424
31584
31740
31900
32060
32216
32372
32500
32532
32688
32848
33004
33164
33320
33480
33636
33796
33952
34108
34268
34428
34584
34740
34896
35056
35212
35368
35528
35684
35844
35960
35972
36000
36156
36316
36472
36516
36632
36788
36948
37104
37260
37420
37576
37736
37896
38048
38208
38364
38520
38680
38836
38996
39152
39308
39468
39624
39780
39940
40096
40252
40408
40564
40720
40876
41032
41188
41344
41500
41656
41808
41964
42120
42276
42432
42588
42740
42896
43052
43208
43348
43360
43368
43516
43672
43824
43980
44136
44288
44444
44600
44752
44808
44908
45064
45216
45372
45524
45680
45836
45988
46144
46296
46452
46604
46760
46912
47068
47220
47376
47528
47680
47836
47988
48116
48144
48296
48452
48604
48756
48912
49064
49216
49372
49524
49680
49832
49988
50140
50292
50444
50600
50752
50904
51056
51208
51364
51468
51476
51516
51668
51820
51976
52028
52128
52284
52436
52588
52744
52896
53052
53204
53356
53512
53664
53816
53972
54124
54280
54432
54584
54736
54892
55044
55196
55348
55500
55652
55804
55960
56108
56260
56412
56564
56716
56868
57020
57168
57324
57476
57628
57780
57928
58080
58232
58384
58536
58684
58836
58988
59136
59288
59436
59588
59740
59888
60040
60192
60340
60492
60644
60792
60944
61096
61244
61396
61544
61696
61848
61996
62144
62296
62448
62596
62748
62896
63048
63196
63320
63348
63496
63648
63796
63948
64096
64248
64336
64396
64548
64696
64848
64996
65148
65296
65448
60
208
360
508
656
804
956
1056
1068
1104
1256
1404
1552
1704
1852
2004
2152
2300
2452
2604
2752
2904
3052
3200
3352
3500
3652
3800
3948
4104
4248
4400
4548
4696
4780
4848
4996
5144
5292
5444
5592
5736
5888
6036
6180
6328
6480
6620
6632
6776
6924
7072
7220
7368
7516
7664
7812
7960
8108
8116
8252
8400
8548
8696
8844
8988
9136
9284
9432
9580
9728
9876
10024
10172
10316
10464
10612
10756
10904
11052
11200
11344
11492
11636
11784
11932
12080
12224
12372
12520
12664
12812
12960
13104
13252
13400
13484
13496
13508
13548
13692
13840
13988
14132
14280
14428
14576
14720
14868
15012
15160
15308
15452
15596
15744
15844
15892
16036
16184
16328
16384
16476
16624
16768
16916
17064
17208
17356
17504
17652
17796
17944
18088
18236
18380
18528
18676
18824
18968
19116
19260
19408
19464
19552
19700
19844
19992
20136
20284
20428
20572
20716
20860
21008
21152
21296
21308
21440
21588
21732
21876
22024
22168
22312
22456
22600
22728
22740
22748
22888
23036
23180
23324
23468
23612
23756
23900
24044
24092
24100
24188
24336
24480
24624
24768
24912
25056
25200
25344
25488
25632
25780
25920
26064
26208
26352
26496
26640
26784
26928
27072
27216
27360
27504
27648
27792
27936
28076
28084
28224
28368
28512
28656
28800
28944
29088
29232
29376
29520
29664
29808
29952
30096
30240
30332
30344
30380
30524
30668
30812
30956
31096
31244
31384
31528
31672
31816
31960
32104
32248
32392
32536
32680
32824
32968
33108
33256
33396
33540
33684
33828
33908
33916
33972
34116
34260
34400
34544
34688
34828
34972
35116
35256
35400
35540
35660
35684
35824
35968
36108
36252
36392
36536
36680
36820
36964
37096
37108
37248
37388
37532
37672
37816
37956
38096
38240
38380
38520
38664
38804
38948
39088
39232
39372
39516
39656
39796
39944
40080
40224
40364
40504
40648
40788
40928
41068
41212
41352
41460
41492
41636
41776
41920
42060
42204
42344
42440
42484
42624
42768
42908
43052
43192
43332
43476
43616
43756
43896
44040
44180
44320
44464
44548
44556
44568
44604
44744
44884
45012
45020
45032
45168
45308
45452
45588
45732
45872
46016
46156
46296
46436
46580
46720
46860
47000
47144
47284
47428
47568
47708
47848
47992
48072
48084
48132
48272
48412
48552
48692
48836
48976
49116
49256
49396
49532
49672
49812
49952
50092
50232
50372
50512
50652
50792
50932
51072
51196
51208
51220
51348
51492
51628
51768
51908
52048
52188
52324
52464
52604
52744
52884
53024
53164
53304
53440
53580
53720
53860
53996
54136
54280
54416
54556
54692
54832
54968
55108
55248
55384
55500
55508
55524
55664
55804
55944
56084
56224
56316
56328
56360
56500
56640
56780
56916
57056
57196
57336
57476
57612
57752
57892
58028
58168
58304
58444
58540
58552
58560
58584
58724
58860
58996
59008
59140
59280
59420
59556
59696
59836
59972
60112
60252
60392
60528
60668
60808
60948
61084
61224
61364
61504
61644
61780
61920
62000
62012
62056
62196
62332
62472
62612
62748
62888
63024
63164
63300
63436
63576
63696
63704
63716
63848
63988
64124
64264
64400
64540
64676
64816
64952
65088
65224
65364
65500
100
236
372
512
648
788
924
1060
1196
1336
1472
1612
1748
1884
2020
2156
2296
2432
2568
2704
2844
2980
3116
3252
3388
3524
3664
3772
3784
3800
3936
4076
4212
4348
4484
4572
4580
4592
4624
4704
4716
4760
4896
5032
5172
5308
5444
5580
5720
5856
5992
6128
6264
6400
6536
6672
6768
6812
6948
7084
7208
7220
7232
7360
7496
7632
7768
7904
8040
8180
8316
8452
8588
8728
8864
9000
9136
9276
9412
9548
9684
9824
9960
10096
10232
10368
10504
10640
10776
10912
11048
11184
11320
11456
11592
11728
11856
12000
12136
12268
12404
12540
12676
12812
12948
13084
13220
13232
13352
13492
13624
13760
13896
14028
14164
14300
14436
14568
14704
14840
14976
15112
15248
15380
15516
15652
15784
15920
16056
16192
16324
16460
16596
16732
16864
17000
17136
17268
17384
17404
17540
17676
17812
17944
18080
18176
18188
18216
18328
18352
18488
18620
18756
18892
19028
19160
19296
19432
19564
19700
19836
19972
20104
20240
20328
20348
20376
20512
20644
20768
20780
20788
20916
21052
21184
21320
21456
21588
21724
21860
21996
22132
22264
22400
22536
22668
22804
22940
23072
23208
23344
23480
23612
23748
23884
24016
24152
24288
24420
24552
24688
24820
24956
25092
25224
25352
25364
25492
25628
25760
25892
26028
26160
26292
26428
26560
26696
26828
26964
27096
27228
27364
27496
27628
27764
27896
28028
28164
28296
28428
28564
28696
28832
28964
29096
29228
29364
29496
29628
29760
29896
30028
30160
30296
30428
30560
30692
30828
30960
31096
31228
31360
31492
31588
31596
31628
31716
31760
31892
32028
32160
32296
32428
32560
32696
32828
32960
33092
33228
33360
33492
33624
33720
33732
33760
33892
34024
34160
34292
34424
34560
34692
34824
34960
35092
35224
35360
35492
35624
35760
35892
36024
36160
36292
36424
36556
36692
36824
36956
37004
37088
37224
37356
37488
37624
37756
37888
38020
38152
38284
38416
38548
38668
38680
38812
38944
39076
39208
39340
39472
39604
39736
39868
39976
39988
40000
40132
40264
40396
40528
40660
40792
40924
41056
41188
41320
41452
41584
41716
41848
41980
42112
42240
42372
42504
42636
42768
42900
43032
43164
43292
43424
43556
43688
43820
43952
44084
44216
44348
44476
44608
44740
44856
44868
44880
45004
45136
45268
45400
45532
45664
45796
45928
46060
46188
46320
46452
46584
46716
46848
46948
46980
47112
47240
47372
47424
47504
47636
47768
47900
48032
48164
48296
48428
48560
48692
48824
48956
49088
49220
49352
49484
49616
49744
49876
50008
50140
50272
50404
50536
50668
50796
50928
51060
51192
51320
51452
51580
51712
51840
51972
52104
52232
52364
52496
52628
52756
52888
53020
53140
53148
53160
53280
53412
53540
53672
53800
53932
54064
54192
54324
54452
54584
54712
54844
54976
55104
55236
55364
55496
55624
55756
55888
56016
56144
56276
56404
56536
56664
56796
56924
57056
57184
57316
57448
57576
57708
57836
57952
57964
57972
58036
58044
58096
58228
58356
58488
58620
58752
58880
59012
59140
59268
59400
59528
59660
59788
59920
59988
60000
60048
60180
60312
60440
60504
60516
60572
60700
60832
60960
61092
61224
61352
61484
61612
61744
61876
62004
62136
62264
62396
62524
62656
62784
62916
63044
63176
63304
63436
63568
63696
63828
63956
64084
64216
64344
64476
64604
64732
64848
64860
64868
64992
65120
65248
65376
65508
100
228
360
488
604
616
628
744
876
1004
1132
1264
1392
1520
1652
1780
1908
2036
2164
2292
2424
2552
2680
2808
2936
3068
3196
3324
3452
3584
3712
3840
3968
4096
4224
4352
4480
4612
4740
4868
4996
5128
5256
5364
5376
5388
5512
5644
5772
5900
6032
6160
6288
6420
6548
6676
6804
6932
7060
7188
7316
7396
7404
7416
7444
7576
7704
7832
7960
8092
8220
8348
8480
8608
8736
8868
8996
9124
9252
9380
9508
9636
9768
9896
10024
10152
10284
10408
10540
10604
10616
10668
10796
10924
11056
11184
11312
11440
11568
11696
11824
11952
12084
12196
12208
12216
12336
12468
12592
12720
12848
12976
13104
13232
13360
13476
13484
13612
13740
13868
13996
14124
14252
14380
14508
14636
14764
14892
15020
15148
15276
15404
15532
15656
15784
15912
16040
16168
16296
16420
16548
16676
16804
16932
17056
17188
17312
17440
17568
17696
17820
17952
18080
18176
18188
18200
18212
18332
18464
18592
18720
18848
18976
19104
19232
19356
19484
19612
19740
19868
19992
20120
20200
20212
20248
20376
20504
20632
20700
20712
20760
20884
21016
21140
21268
21396
21524
21652
21780
21908
22036
22164
22292
22420
22548
22672
22800
22928
23056
23184
23312
23372
23384
23440
23568
23692
23820
23948
24076
24204
24332
24456
24584
24712
24840
24964
25092
25220
25344
25472
25596
25724
25848
25976
26104
26232
26356
26484
26608
26736
26864
26988
27116
27244
27368
27496
27624
27748
27876
28004
28132
28256
28380
28508
28632
28760
28884
29012
29136
29264
29392
29516
29644
29768
29896
30020
30108
30148
30272
30400
30524
30652
30780
30880
30892
30904
30992
31032
31156
31284
31412
31540
31668
31792
31920
32048
32172
32300
32424
32552
32676
32804
32884
32928
33056
33180
33308
33360
33372
33436
33560
33688
33816
33940
34068
34196
34320
34448
34572
34700
34828
34952
35080
35204
35332
35460
35584
35712
35836
35964
36028
36088
36216
36344
36468
36596
36720
36848
36976
37100
37224
37352
37476
37580
37604
37612
37728
37856
37980
38104
38232
38356
38480
38608
38732
38836
38848
38860
38984
39108
39232
39356
39484
39608
39736
39860
39984
40112
40236
40364
40488
40616
40740
40864
40992
41116
41240
41364
41488
41616
41740
41864
41992
42116
42240
42364
42492
42616
42712
42740
42868
42992
43116
43244
43368
43444
43456
43492
43620
43744
43868
43996
44124
44248
44376
44500
44624
44752
44876
45000
45124
45252
45376
45456
45468
45480
45500
45628
45752
45876
45948
45956
46004
46128
46256
46380
46504
46632
46756
46880
47008
47132
47256
47384
47508
47632
47760
47884
48012
48136
48260
48384
48508
48636
48760
48884
49012
49136
49260
49388
49512
49636
49760
49888
50012
50136
50260
50388
50512
50636
50760
50884
51008
51132
51260
51348
51360
51380
51504
51632
51752
51876
52004
52124
52252
52376
52500
52624
52748
52872
53000
53124
53248
53372
53496
53620
53744
53868
53992
54116
54240
54364
54488
54612
54736
54860
54988
55108
55236
55288
55300
55360
55484
55608
55732
55856
55920
55928
55980
56104
56228
56356
56480
56608
56732
56856
56980
57104
57228
57356
57480
57604
57728
57852
57940
57976
58100
58224
58348
58392
58476
58600
58724
58848
58972
59096
59224
59348
59472
59596
59720
59844
59968
60092
60220
60344
60468
60592
60716
60840
60964
61088
61212
61336
61460
61588
61712
61836
61960
62084
62208
62332
62456
62572
62584
62704
62828
62952
63076
63200
63324
63448
63572
63696
63788
63800
63808
63820
63940
64064
64188
64308
64432
64556
64680
64804
64924
64936
65052
65176
65300
65424
12
136
260
384
508
632
752
876
1000
1124
1244
1368
1492
1616
1740
1860
1984
2108
2180
2192
2204
2232
2356
2480
2604
2724
2800
2812
2848
2928
2940
2972
3096
3220
3344
3468
3596
3720
3844
3964
4088
4212
4336
4460
4584
4708
4772
4788
4800
4832
4956
5076
5200
5268
5324
5448
5572
5696
5820
5944
6068
6192
6316
6440
6564
6688
6808
6932
7056
7180
7304
7428
7552
7676
7800
7924
8048
8172
8292
8416
8540
8664
8788
8912
9036
9160
9284
9396
9408
9528
9652
9776
9896
10020
10144
10268
10392
10512
10612
10624
10636
10756
10880
11000
11124
11244
11368
11492
11616
11708
11732
11744
11860
11984
12108
12228
12352
12476
12600
12720
12844
12968
13092
13212
13336
13460
13580
13704
13824
13944
14068
14192
14312
14436
14500
14520
14560
14684
14804
14928
15052
15128
15172
15296
15416
15540
15664
15788
15912
16036
16160
16280
16404
16528
16648
16772
16892
17016
17100
17112
17140
17264
17384
17480
17492
17500
17512
17632
17756
17876
18000
18120
18244
18368
18492
18616
18740
18860
18984
19108
19228
19352
19472
19596
19720
19844
19964
20088
20208
20332
20456
20580
20700
20824
20948
21068
21192
21316
21436
21560
21664
21684
21804
21928
22052
22172
22292
22416
22536
22660
22784
22880
22892
22904
23024
23148
23268
23388
23512
23632
23756
23880
23988
24000
24124
24244
24368
24488
24612
24736
24856
24976
25100
25220
25344
25464
25588
25708
25828
25952
26072
26192
26316
26440
26560
26672
26684
26804
26924
27048
27168
27292
27412
27532
27656
27780
27900
28024
28148
28268
28392
28516
28636
28760
28880
29000
29124
29244
29304
29320
29332
29368
29488
29612
29712
29720
29732
29856
29976
30100
30220
30344
30464
30588
30712
30796
30832
30956
31076
31200
31320
31444
31564
31688
31808
31928
32052
32176
32296
32416
32540
32660
32784
32904
33028
33148
33272
33392
33516
33636
33756
33876
33888
34000
34124
34244
34364
34488
34608
34728
34852
34972
35080
35092
35100
35216
35336
35456
35576
35696
35816
35940
36060
36168
36180
36192
36300
36424
36544
36668
36788
36912
37032
37152
37276
37396
37516
37640
37760
37880
38000
38120
38240
38360
38484
38604
38724
38828
38844
38968
39088
39208
39332
39452
39516
39528
39572
39664
39692
39816
39936
40056
40180
40304
40424
40548
40668
40788
40912
41032
41152
41272
41396
41472
41480
41516
41636
41756
41860
41868
41880
42000
42120
42244
42364
42484
42608
42728
42852
42972
43092
43212
43336
43456
43576
43700
43820
43940
44064
44184
44304
44424
44484
44500
44508
44548
44668
44788
44912
45032
45152
45272
45396
45516
45636
45756
45880
45988
46000
46120
46244
46364
46484
46604
46724
46844
46968
47088
47188
47196
