19300
19332
19512
19692
19876
20056
20236
20416
20596
20780
20960
21140
21320
21500
21612
21620
21680
21864
22044
22224
22408
22588
22768
22948
23128
23312
23492
23676
23856
24036
24220
24400
24584
24764
24944
25124
25308
25488
25672
25852
26032
26212
26396
26576
26760
26940
27120
27300
27480
27660
27840
28020
28132
28140
28200
28380
28560
28740
28920
29100
29280
29456
29636
29816
30000
30108
30120
30176
30356
30540
30716
30896
31080
31256
31440
31620
31796
31976
32156
32336
32516
32696
32880
33056
33236
33416
33596
33776
33956
34136
34312
34492
34672
34852
35032
35212
35392
35572
35752
35932
36112
36292
36472
36652
36832
37008
37188
37372
37552
37732
37916
38096
38276
38456
38636
38816
38996
39176
39360
39540
39644
39656
39720
39900
40080
40264
40444
40624
40808
40988
41168
41352
41532
41712
41896
42076
42256
42440
42620
42800
42984
43164
43348
43528
43712
43888
44072
44252
44436
44616
44796
44976
45160
45340
45520
45700
45880
46060
46164
46172
46240
46420
46600
46780
46956
47136
47320
47496
47676
47856
48036
48144
48216
48396
48576
48756
48936
49116
49296
49476
49656
49836
50016
50196
50376
50556
50736
50916
51096
51276
51456
51632
51812
51992
52172
52352
52532
52712
52892
53072
53252
53432
53612
53728
53740
53792
53972
54152
54332
54512
54692
54872
55048
55228
55408
55592
55772
55952
56132
56316
56492
56676
56856
57036
57216
57396
57580
57684
57696
57760
57940
58116
58304
58484
58664
58848
59024
59208
59388
59568
59752
59932
60116
60296
60476
60660
60840
61020
61204
61384
61568
61748
61928
62108
62292
62472
62652
62836
63016
63196
63376
63556
63736
63916
64096
64208
64276
64456
64636
64816
64996
65176
65356
0
180
360
540
656
720
900
1080
1260
1440
1620
1800
1980
2160
2340
2520
2700
2880
3060
3240
3420
3596
3776
3956
4136
4316
4496
4676
4856
5036
5216
5392
5572
5752
5936
6112
6232
6244
6292
6472
6656
6836
7016
7196
7372
7552
7732
7912
8092
8276
8456
8636
8820
9000
9180
9360
9540
9720
9900
10084
10188
10196
10264
10444
10624
10804
10988
11168
11352
11528
11712
11892
12072
12256
12436
12616
12800
12980
13160
13344
13524
13704
13888
14068
14252
14432
14612
14796
14976
15156
15340
15520
15700
15880
16060
16240
16420
16600
16712
16724
16780
16960
17140
17320
17500
17680
17860
18040
18216
18400
18580
18760
18936
19120
19300
19480
19660
19840
20020
20200
20380
20560
20740
20916
21100
21280
21460
21640
21816
21996
22176
22356
22536
22716
22896
23072
23252
23432
23612
23792
23972
24152
24332
24512
24692
24872
25052
25232
25412
25592
25772
25952
26132
26312
26496
26676
26856
27036
27216
27396
27576
27756
27940
28120
28228
28240
28300
28480
28660
28844
29024
29204
29388
29568
29748
29932
30112
30292
30472
30656
30836
31020
31200
31380
31564
31744
31924
32104
32288
32468
32652
32720
32832
33012
33196
33376
33556
33736
33916
34100
34276
34456
34636
34744
34752
34816
34996
35176
35360
35536
35716
35896
36076
36256
36436
36616
36796
36972
37156
37336
37512
37696
37876
38056
38236
38416
38592
38776
38952
39136
39316
39496
39672
39852
40032
40212
40392
40572
40752
40932
41112
41292
41468
41648
41828
42008
42188
42308
42368
42548
42728
42908
43088
43268
43448
43628
43808
43988
44168
44348
44532
44712
44892
45072
45252
45432
45612
45792
45976
46156
46260
46272
46336
46516
46700
46880
47060
47244
47424
47604
47784
47968
48148
48332
48512
48692
48872
49056
49236
49416
49600
49780
49964
50144
50328
50508
50688
50868
51052
51232
51412
51592
51772
51952
52136
52316
52496
52672
52784
52792
52856
53032
53216
53396
53572
53752
53932
54112
54292
54472
54652
54776
54784
54832
55012
55192
55372
55552
55732
55912
56092
56272
56452
56632
56812
56992
57172
57352
57532
57712
57888
58068
58248
58428
58608
58788
58968
59148
59328
59508
59688
59868
60048
60228
60348
60360
60408
60588
60768
60948
61128
61308
61488
61664
61844
62024
62204
62388
62572
62752
62932
63112
63292
63472
63652
63832
64012
64196
64312
64376
64556
64732
64920
65100
65280
65464
108
288
468
648
832
1012
1196
1376
1560
1740
1920
2100
2284
2464
2648
2828
3008
3192
3372
3556
3736
3916
4096
4276
4456
4640
4816
4996
5176
5292
5300
5360
5536
5720
5900
6076
6256
6436
6616
6796
6976
7156
7268
7336
7516
7696
7876
8056
8236
8416
8596
8776
8956
9136
9316
9496
9676
9856
10036
10216
10396
10576
10756
10936
11116
11296
11472
11652
11832
12012
12192
12372
12552
12732
12848
12860
12912
13092
13272
13452
13632
13812
13992
14172
14352
14532
14712
14892
15076
15256
15436
15616
15796
15976
16156
16336
16520
16700
16808
16820
16880
17064
17228
17244
17424
17604
17784
17968
18148
18328
18512
18692
18872
19056
19236
19416
19600
19780
19960
20144
20324
20508
20688
20872
21052
21232
21412
21596
21776
21956
22140
22320
22500
22680
22860
23040
23220
23324
23336
23400
23580
23760
23940
24120
24300
24476
24656
24836
25016
25196
25324
25376
25556
25736
25916
26096
26276
26456
26636
26816
27000
27176
27360
27536
27716
27896
28080
28256
28436
28616
28796
28976
29156
29336
29516
29696
29876
30052
30232
30412
30596
30772
30900
30912
30952
31132
31316
31492
31676
31852
32032
32212
32392
32572
32752
32936
33116
33296
33476
33656
33836
34016
34200
34380
34560
34740
34848
34856
34924
35104
35284
35468
35648
35828
36012
36192
36372
36552
36736
36916
37096
37276
37460
37640
37820
38004
38184
38368
38548
38728
38912
39092
39276
39340
39456
39636
39820
40000
40180
40360
40540
40724
40900
41080
41260
41368
41380
41440
41620
41800
41984
42160
42340
42520
42700
42880
43060
43240
43420
43600
43780
43960
44140
44320
44500
44680
44860
45040
45220
45400
45580
45760
45940
46120
46296
46476
46656
46836
47016
47196
47376
47556
47736
47916
48096
48276
48456
48636
48816
48928
48940
48996
49176
49356
49536
49716
49896
50076
50252
50432
50616
50796
50976
51160
51340
51520
51700
51880
52060
52240
52420
52604
52784
52900
52964
53144
53324
53508
53688
53868
54052
54232
54412
54592
54776
54956
55140
55320
55500
55684
55864
56044
56228
56408
56592
56772
56956
57136
57316
57496
57680
57860
58044
58224
58404
58584
58764
58944
59124
59304
59420
59428
59484
59664
59844
60024
60204
60384
60564
60744
60920
61104
61284
61396
61464
61640
61824
62004
62184
62364
62544
62724
62904
63084
63264
63444
63624
63804
63984
64164
64344
64524
64700
64880
65060
65240
65420
64
244
424
604
780
960
1144
1320
1500
1680
1860
2040
2220
2400
2580
2760
2940
3120
3300
3484
3664
3844
4028
4204
4388
4568
4748
4928
5108
5292
5400
5408
5472
5652
5832
6016
6196
6376
6560
6740
6920
7100
7284
7464
7644
7828
8008
8188
8372
8552
8732
8916
9096
9276
9460
9640
9820
10004
10184
10368
10548
10728
10908
11088
11272
11452
11628
11808
11920
11932
11988
12168
12348
12532
12708
12888
13068
13248
13428
13608
13788
13968
14144
14328
14508
14688
14868
15048
15228
15408
15588
15768
15948
16124
16308
16488
16668
16844
17024
17204
17384
17564
17744
17924
18104
18284
18464
18640
18824
19000
19184
19360
19480
19492
19540
19720
19904
20080
20264
20440
20620
20800
20980
21160
21340
21520
21704
21884
22064
22244
22424
22604
22788
22968
23148
23332
23432
23444
23512
23692
23872
24052
24236
24416
24600
24776
24960
25140
25320
25504
25684
25864
26048
26228
26408
26592
26772
26952
27136
27316
27500
27680
27860
28040
28224
28404
28584
28768
28948
29124
29308
29488
29668
29844
29952
29964
30028
30204
30388
30568
30744
30928
31104
31284
31464
31644
31824
31932
31944
32004
32184
32364
32544
32724
32904
33084
33264
33444
33624
33804
33984
34160
34340
34524
34704
34880
35060
35240
35420
35600
35780
35960
36136
36316
36500
36676
36856
37036
37216
37396
37516
37576
37756
37936
38116
38296
38476
38656
38836
39016
39196
39376
39556
39740
39920
40100
40280
40460
40640
40820
41004
41184
41364
41468
41480
41544
41724
41900
42088
42268
42448
42632
42812
42992
43172
43356
43536
43720
43900
44080
44264
44444
44624
44808
44988
45172
45352
45532
45712
45896
46076
46256
46440
46620
46800
46980
47160
47340
47520
47700
47880
47992
48000
48060
48240
48420
48604
48780
48960
49140
49320
49496
49680
49860
50040
50216
50400
50580
50756
50940
51120
51300
51480
51660
51836
52016
52196
52376
52560
52740
52916
53096
53276
53456
53632
53816
53992
54172
54352
54532
54712
54892
55072
55252
55432
55548
55556
55612
55792
55972
56152
56332
56512
56692
56868
57048
57228
57408
57592
57772
57952
58136
58316
58496
58676
58856
59036
59216
59400
59504
59516
59580
59760
59940
60124
60304
60484
60668
60848
61028
61208
61392
61572
61752
61936
62116
62296
62480
62660
62840
63024
63204
63384
63568
63748
63928
64112
64292
64472
64656
64836
65016
65196
65376
20
200
380
492
504
560
740
920
1100
1280
1460
1640
1820
1996
2180
2360
2472
2480
2536
2716
2896
3080
3256
3436
3616
3796
3976
4156
4336
4516
4696
4876
5056
5236
5416
5596
5772
5952
6132
6312
6492
6672
6852
7032
7212
7392
7572
7752
7928
8056
8108
8288
8472
8648
8832
9008
9188
9368
9548
9728
9908
10088
10272
10452
10632
10812
10992
11172
11356
11536
11716
11896
12000
12012
12076
12260
12440
12620
12800
12984
13164
13344
13524
13708
13888
14068
14252
14432
14612
14796
14976
15156
15340
15520
15700
15884
16064
16244
16424
16608
16788
16968
17152
17332
17512
17692
17872
18052
18232
18412
18520
18532
18592
18772
18952
19132
19312
19492
19668
19852
20028
20208
20388
20568
20748
20928
21108
21288
21468
21648
21828
22008
22188
22368
22548
22724
22904
23088
23268
23444
23624
23804
23980
24164
24344
24524
24700
24880
25060
25240
25420
25600
25780
25960
26140
26320
26500
26680
26860
27040
27220
27400
27576
27760
27940
28120
28300
28480
28664
28844
29024
29204
29384
29564
29744
29928
30032
30044
30108
30288
30468
30648
30832
31012
31192
31372
31552
31736
31916
32100
32280
32460
32644
32824
33004
33188
33368
33548
33732
33912
34096
34276
34456
34636
34820
35000
35180
35360
35540
35720
35900
36080
36260
36440
36556
36564
36620
36800
36980
37160
37340
37520
37700
37880
38056
38240
38420
38540
38600
38776
38960
39136
39316
39500
39676
39856
40036
40216
40396
40576
40756
40936
41116
41296
41476
41656
41832
42012
42192
42372
42552
42732
42912
43092
43272
43448
43628
43812
43988
44108
44168
44348
44528
44708
44888
45068
45248
45428
45608
45788
45968
46148
46332
46512
46692
46872
47052
47232
47412
47592
47772
47956
48064
48076
48136
48316
48496
48680
48860
49040
49224
49400
49584
49764
49948
50128
50308
50492
50672
50852
51032
51216
51396
51576
51760
51940
52124
52304
52484
52664
52848
53028
53208
53388
53568
53748
53932
54108
54288
54468
54588
54596
54648
54828
55008
55188
55368
55548
55728
55908
56084
56268
56448
56628
56804
56988
57164
57344
57524
57704
57884
58064
58244
58424
58604
58784
58964
59144
59324
59504
59684
59860
60040
60220
60400
60580
60760
60940
61120
61300
61476
61656
61836
62016
62132
62144
62196
62376
62556
62736
62916
63096
63276
63456
63632
63816
63996
64176
64360
64536
64720
64900
65080
65260
65440
84
264
448
540
552
560
628
808
988
1168
1352
1532
1716
1892
2072
2256
2436
2620
2800
2980
3160
3344
3524
3704
3884
4068
4248
4432
4612
4792
4972
5156
5336
5516
5700
5880
6060
6240
6420
6600
6780
6960
7072
7084
7140
7320
7500
7680
7856
8036
8216
8396
8576
8756
8936
9048
9116
9292
9476
9652
9836
10012
10192
10372
10552
10732
10912
11092
11272
11452
11632
11812
11988
12168
12348
12528
12708
12888
13068
13248
13428
13608
13784
13964
14144
14324
14504
14684
14864
15044
15224
15404
15584
15760
15940
16120
16300
16480
16664
16844
17024
17204
17384
17564
17744
17928
18108
18288
18468
18560
18572
18648
18828
19012
19192
19372
19556
19736
19916
20096
20276
20460
20640
20820
21004
21184
21364
21548
21728
21908
22088
22272
22452
22636
22816
22996
23180
23360
23540
23720
23904
24080
24260
24440
24620
24800
24980
25096
25104
25160
25340
25520
25700
25880
26060
26240
26420
26596
26780
26960
27140
27316
27500
27676
27856
28040
28216
28396
28576
28756
28936
29116
29296
29476
29656
29836
30012
30192
30372
30552
30728
30912
31088
31268
31448
31628
31808
31988
32168
32348
32528
32708
32888
33068
33248
33428
33608
33788
33964
34144
34324
34504
34688
34868
35048
35228
35408
35588
35768
35952
36132
36312
36492
36604
36616
36672
36852
37032
37216
37396
37576
37760
37940
38120
38300
38484
38664
38844
39028
39208
39392
39572
39752
39932
40116
40296
40476
40660
40840
41020
41200
41384
41564
41744
41924
42104
42284
42468
42648
42824
43004
43124
43132
43184
43364
43548
43724
43904
44084
44264
44444
44624
44804
44984
45100
45164
45340
45524
45700
45880
46060
46240
46420
46600
46780
46960
47140
47320
47500
47680
47860
48040
48216
48396
48576
48756
48936
49116
49296
49476
49656
49832
50012
50192
50372
50552
50672
50684
50732
50912
51092
51272
51452
51632
51812
51988
52168
52348
52532
52712
52892
53072
53256
53436
53616
53796
53976
54156
54336
54516
54632
54640
54696
54880
55060
55240
55420
55604
55784
55964
56144
56328
56508
56688
56872
57052
57232
57412
57596
57776
57956
58140
58320
58500
58684
58864
59044
59228
59408
59588
59768
59952
60132
60312
60492
60672
60852
61028
61140
61152
61212
61388
61568
61752
61928
62108
62288
62472
62644
62828
63008
63112
63184
63364
63548
63728
63908
64084
64264
64444
64624
64804
64984
65164
65344
65524
168
348
528
704
884
1064
1244
1424
1604
1784
1964
2144
2320
2500
2680
2860
3040
3220
3400
3580
3760
3940
4120
4300
4480
4656
4836
5016
5200
5380
5560
5740
5920
6100
6284
6464
6644
6824
7008
7108
7116
7188
7368
7548
7560
7728
7912
8092
8272
8452
8632
8816
8996
9180
9360
9540
9720
9904
10084
10264
10448
10628
10812
10992
11172
11352
11532
11716
11896
12076
12256
12440
12620
12800
12980
13160
13336
13516
13632
13640
13696
13876
14056
14236
14416
14596
14776
14956
15136
15316
15496
15604
15676
15852
16036
16216
16396
16576
16752
16932
17112
17292
17472
17652
17832
18012
18192
18372
18548
18728
18908
19088
19268
19448
19624
19804
19984
20164
20344
20524
20704
20884
21064
21184
21196
21244
21424
21604
21784
21964
22144
22320
22500
22680
22860
23040
23224
23404
23584
23764
23944
24124
24304
24484
24668
24848
25028
25144
25156
25208
25388
25568
25752
25932
26112
26296
26476
26656
26840
27020
27200
27380
27564
27744
27924
28108
28288
28468
28648
28832
29012
29196
29376
29556
29736
29920
30100
30280
30460
30644
30820
31004
31180
31360
31540
31656
31668
31720
31900
32080
32260
32440
32620
32800
32980
33156
33340
33516
33628
33636
33696
33876
34056
34236
34416
34596
34776
34956
35136
35316
35496
35676
35856
36036
36216
36396
36572
36752
36932
37112
37292
37472
37652
37828
38008
38188
38368
38548
38728
38908
39088
39268
39448
39628
39808
39988
40168
40344
40524
40704
40884
41064
41248
41428
41608
41788
41968
42148
42328
42512
42692
42872
43052
43164
43176
43232
43416
43592
43776
43956
44136
44320
44500
44680
44860
45040
45224
45404
45584
45768
45948
46128
46308
46492
46672
46856
47036
47216
47396
47580
47760
47940
48124
48304
48484
48664
48844
49024
49204
49384
49564
49676
49688
49744
49924
50104
50284
50464
0
