19300
19364
19452
19536
19620
19704
19788
19872
19960
20044
20128
20212
20296
20380
20464
20548
20632
20716
20800
20884
20944
20972
21056
21140
21224
21308
21380
21392
21404
21480
21564
21648
21732
21820
21904
21988
22076
22160
22244
22328
22416
22500
22584
22668
22756
22812
22820
22832
22844
22924
23012
23096
23108
23180
23268
23352
23436
23524
23608
23692
23780
23864
23948
24036
24120
24204
24288
24376
24460
24544
24628
24716
24800
24884
24972
25056
25140
25224
25312
25396
25480
25564
25648
25732
25816
25900
25988
26072
26148
26156
26240
26324
26412
26496
26580
26664
26752
26836
26848
26856
26920
27004
27088
27172
27256
27344
27428
27512
27576
27588
27600
27680
27764
27852
27936
28020
28104
28192
28276
28360
28444
28528
28612
28696
28780
28864
28948
29032
29116
29200
29288
29372
29420
29456
29540
29624
29708
29796
29844
29852
29880
29964
30048
30132
30216
30304
30388
30472
30560
30644
30728
30812
30900
30984
31068
31152
31240
31288
31304
31316
31328
31408
31496
31556
31568
31576
31588
31664
31752
31836
31920
32008
32092
32176
32264
32348
32432
32520
32604
32688
32776
32860
32944
33028
33112
33200
33216
33284
33368
33376
33456
33540
33624
33712
33796
33880
33964
34048
34132
34216
34300
34384
34468
34556
34600
34640
34648
34724
34808
34892
34980
35064
35148
35232
35320
35404
35488
35572
35656
35740
35828
35912
35996
36080
36164
36248
36336
36420
36504
36588
36672
36760
36844
36928
37012
37096
37180
37264
37348
37432
37516
37600
37684
37768
37852
37940
38024
38108
38192
38276
38352
38360
38372
38448
38532
38616
38700
38788
38872
38956
39044
39128
39212
39296
39384
39468
39552
39636
39724
39808
39892
39976
40048
40056
40068
40148
40232
40320
40404
40488
40576
40660
40744
40832
40916
41000
41088
41172
41256
41340
41428
41512
41596
41684
41768
41852
41936
42024
42108
42192
42276
42360
42448
42532
42616
42700
42784
42868
42952
43036
43092
43116
43128
43136
43208
43292
43340
43348
43376
43460
43472
43484
43544
43632
43716
43760
43768
43800
43884
43972
44056
44140
44224
44308
44392
44476
44564
44648
44732
44816
44904
44988
45072
45156
45240
45324
45408
45492
45580
45664
45748
45832
45916
46000
46088
46168
46252
46336
46420
46504
46592
46676
46760
46808
46820
46832
46844
46928
47016
47100
47184
47268
47356
47440
47524
47612
47696
47780
47864
47952
48036
48120
48204
48268
48280
48292
48376
48460
48528
48540
48548
48632
48716
48804
48888
48972
49056
49144
49228
49312
49400
49484
49568
49652
49740
49824
49908
49996
50080
50164
50248
50336
50420
50504
50592
50676
50760
50844
50928
51016
51100
51184
51268
51352
51436
51520
51608
51692
51776
51860
51944
52032
52116
52200
52284
52368
52452
52536
52624
52708
52792
52876
52960
53028
53040
53048
53128
53216
53300
53384
53468
53556
53640
53724
53808
53892
53976
54060
54144
54228
54316
54400
54480
54568
54652
54736
54820
54904
54988
55072
55156
55244
55304
55316
55328
55412
55496
55580
55668
55752
55836
55924
56008
56092
56176
56260
56348
56432
56516
56604
56688
56760
56772
56856
56944
57024
57036
57116
57200
57284
57368
57456
57540
57628
57712
57796
57880
57968
58052
58136
58220
58308
58392
58476
58560
58648
58732
58816
58872
58884
58904
58960
58968
58988
59072
59156
59244
59328
59412
59496
59580
59664
59748
59832
59856
59916
60004
60072
60080
60096
60172
60260
60308
60344
60428
60512
60596
60684
60768
60852
60936
61020
61104
61192
61276
61360
61448
61512
61524
61532
61612
61696
61784
61868
61952
62036
62124
62208
62292
62376
62460
62544
62628
62712
62796
62880
62964
63048
63132
63220
63304
63360
63388
63472
63556
63640
63728
63788
63812
63896
63980
64064
64152
64236
64320
64404
64492
64576
64660
64744
64832
64916
65000
65084
65172
65232
65240
65256
65340
65428
65500
65512
60
148
232
316
404
488
572
660
744
828
916
1000
1084
1168
1256
1340
1424
1512
1596
1680
1688
1764
1852
1924
1936
1944
2020
2104
2192
2276
2360
2444
2528
2612
2696
2780
2808
2864
2952
3008
3036
3120
3204
3292
3376
3460
3544
3632
3716
3800
3884
3968
4052
4136
4224
4308
4392
4460
4468
4480
4560
4648
4732
4816
4900
4984
5072
5156
5240
5324
5408
5492
5576
5660
5744
5828
5912
5996
6080
6168
6252
6304
6336
6420
6504
6588
6676
6716
6732
6740
6760
6844
6928
7012
7100
7184
7268
7356
7440
7524
7608
7692
7780
7864
7948
8032
8120
8172
8188
8204
8288
8376
8456
8464
8476
8544
8632
8716
8800
8888
8972
9056
9144
9228
9312
9396
9484
9568
9652
9736
9824
9908
9920
9992
10036
10048
10080
10160
10172
10248
10336
10408
10420
10504
10588
10676
10760
10844
10928
11012
11096
11180
11264
11352
11436
11520
11528
11604
11688
11776
11860
11944
12028
12112
12200
12212
12284
12368
12452
12536
12620
12704
12788
12872
12944
12956
12964
13044
13128
13212
13296
13384
13468
13552
13636
13720
13804
13888
13976
14060
14144
14228
14312
14396
14480
14564
14648
14732
14788
14816
14900
14988
15072
15156
15220
15232
15240
15324
15412
15496
15580
15664
15752
15836
15920
16004
16092
16176
16260
16344
16432
16516
16600
16648
16660
16668
16684
16772
16856
16936
16948
17028
17112
17200
17284
17368
17456
17540
17624
17712
17796
17880
17964
18052
18136
18220
18304
18392
18476
18532
18544
18560
18644
18732
18816
18876
18888
18900
18988
19072
19100
19156
19240
19324
19412
19496
19580
19664
19748
19832
19916
19980
19992
20004
20012
20088
20172
20232
20244
20256
20320
20344
20428
20512
20596
20644
20656
20680
20768
20852
20936
21020
21104
21188
21272
21360
21412
21424
21444
21528
21612
21696
21780
21868
21952
22036
22120
22204
22288
22372
22460
22544
22628
22712
22796
22880
22964
23048
23132
23216
23300
23388
23472
23560
23640
23712
23720
23732
23812
23896
23980
24064
24152
24236
24320
24404
24492
24576
24660
24748
24832
24916
25000
25088
25148
25156
25172
25256
25344
25424
25432
25512
25600
25684
25768
25856
25940
26024
26112
26196
26280
26368
26452
26536
26624
26708
26792
26880
26964
27004
27016
27048
27132
27144
27220
27304
27372
27384
27392
27472
27560
27644
27728
27812
27896
27980
28068
28152
28236
28320
28404
28488
28576
28616
28660
28744
28828
28912
29000
29084
29168
29252
29340
29424
29508
29592
29676
29760
29844
29920
29932
30016
30100
30184
30268
30356
30440
30524
30608
30692
30776
30860
30948
31032
31116
31200
31284
31368
31452
31536
31620
31704
31760
31772
31788
31872
31960
32044
32128
32184
32192
32212
32300
32384
32468
32552
32636
32724
32808
32892
32980
33064
33148
33232
33320
33404
33488
33572
33632
33644
33660
33744
33828
33912
33924
34000
34084
34172
34256
34340
34428
34512
34596
34684
34768
34852
34940
35024
35108
35192
35280
35364
35448
35500
35508
35536
35620
35632
35704
35792
35856
35868
35876
35916
35924
35944
35960
36044
36128
36216
36300
36384
36468
36552
36636
36720
36752
36808
36892
36976
37060
37080
37092
37144
37188
37232
37292
37300
37316
37400
37484
37568
37656
37664
37740
37824
37908
37992
38076
38160
38248
38332
38400
38416
38500
38584
38672
38756
38840
38924
39012
39096
39180
39264
39348
39432
39516
39600
39684
39768
39856
39936
40024
40108
40192
40276
40360
40444
40532
40616
40700
40784
40868
40956
41040
41124
41212
41296
41380
41464
41552
41636
41720
41804
41892
41976
42060
42120
42128
42148
42232
42316
42400
42408
42488
42572
42660
42744
42828
42916
43000
43088
43172
43256
43340
43428
43512
43596
43680
43768
43852
43936
44024
44108
44192
44224
44280
44364
44448
44532
44620
44704
44788
44872
44956
45040
45128
45212
45224
45244
45296
45380
45468
45552
45576
45588
45600
45636
45720
45808
45892
45976
46060
46104
46112
46144
46156
46228
46316
46400
46484
46568
46652
46736
46820
46888
46900
46912
46988
47076
47160
47244
47328
47416
47500
47584
47668
47752
47836
47924
48004
48088
48176
48260
48344
48428
48512
48596
48680
48764
48848
48936
49020
49104
49164
49176
49188
49272
49360
49444
49528
49612
49700
49784
49868
49956
50040
50124
50208
50296
50380
50464
50548
50624
50636
50720
50804
50880
50892
50900
50976
51064
51148
51232
51320
51404
51488
51576
51660
51744
51832
51916
52000
52084
52172
52256
52340
52424
52460
52512
52596
52608
52616
52680
52768
52852
52936
53020
53104
53192
53276
53360
53444
53532
53612
53700
53784
53868
53952
54040
54124
54208
54292
54376
54464
54548
54632
54660
54716
54800
54884
54972
55056
55140
55224
55308
55384
55396
55476
55564
55648
55732
55816
55900
55988
56072
56156
56240
56328
56408
56492
56576
56660
56744
56828
56912
56996
57080
57164
57228
57236
57252
57336
57420
57504
57592
57636
57644
57656
57676
57760
57844
57932
58016
58100
58184
58272
58356
58440
58524
58608
58696
58780
58864
58948
59036
59084
59096
59108
59120
59204
59292
59352
59376
59460
59548
59632
59716
59800
59888
59972
60060
60144
60228
60312
60400
60484
60568
60652
60728
60740
60824
60912
60956
60968
60996
61080
61092
61164
61252
61312
61328
61340
61372
61404
61412
61424
61504
61588
61676
61760
61844
61928
62012
62096
62180
62196
62268
62352
62436
62520
62604
62688
62776
62860
62944
63028
63116
63200
63284
63368
63452
63536
63620
63708
63792
63864
63872
63884
63960
64044
64128
64216
64300
64384
64468
64552
64636
64720
64808
64892
64976
65060
65144
65228
65312
65396
65480
28
112
164
196
280
368
452
536
620
708
792
876
960
1044
1132
1216
1300
1384
1472
1556
1640
1724
1812
1896
1980
2044
2056
2068
2152
2236
2320
2332
2408
2492
2580
2664
2748
2832
2920
3004
3088
3176
3260
3344
3428
3516
3600
3684
3772
3856
3940
4024
4112
4196
4280
4368
4452
4536
4620
4704
4788
4872
4960
5044
5128
5212
5296
5384
5468
5552
5636
5720
5808
5892
5976
6060
6144
6228
6312
6396
6480
6568
6652
6736
6820
6904
6988
7072
7156
7244
7328
7412
7496
7580
7664
7748
7836
7920
8004
8088
8172
8256
8340
8424
8508
8592
8644
8676
8760
8844
8932
9016
9072
9084
9096
9104
9184
9268
9356
9440
9524
9608
9696
9780
9864
9948
10032
10120
10204
10288
10372
10460
10528
10540
10548
10628
10716
10784
10792
10804
10816
10884
10972
11056
11140
11228
11312
11396
11484
11568
11652
11736
11824
11908
11992
12076
12164
12248
12260
12332
12420
12504
12588
12672
12756
12804
12844
12928
13012
13096
13180
13264
13352
13436
13520
13604
13688
13772
13860
13944
14028
14112
14196
14280
14368
14452
14536
14580
14620
14704
14788
14872
14960
15044
15128
15212
15288
15296
15380
15464
15548
15632
15720
15804
15888
15972
16056
16140
16224
16308
16392
16476
16560
16644
16728
16812
16896
16980
17064
17124
17152
17236
17320
17404
17488
17540
17552
17576
17660
17744
17828
17912
18000
18084
18168
18252
18336
18424
18508
18592
18676
18760
18848
18932
18988
19000
19016
19100
19188
19272
19284
19360
19444
19528
19612
19700
19784
19868
19952
20040
20124
20208
20296
20380
20464
20548
20636
20720
20804
20888
20900
20972
21056
21068
21144
21228
21268
21276
21312
21400
21484
21568
21652
21736
21820
21904
21988
22076
22160
22244
22328
22412
22496
22580
22668
22752
22836
22920
23004
23028
23088
23176
23260
23344
23428
23512
23596
23680
23752
23760
23772
23848
23936
24020
24104
24188
24272
24360
24444
24528
24612
24696
24780
24864
24948
25032
25116
25200
25284
25368
25452
25536
25620
25704
25792
25876
25960
26008
26020
26044
26128
26216
26300
26384
26468
26552
26640
26724
26808
26892
26976
27064
27148
27232
27316
27404
27452
27464
27476
27488
27572
27656
27744
27828
27912
28000
28084
28168
28252
28340
28424
28508
28592
28680
28764
28848
28932
29020
29104
29188
29208
29272
29360
29444
29528
29612
29700
29784
29868
29952
30036
30120
30208
30292
30376
30460
30508
30516
30544
30628
30712
30800
30884
30968
31052
31136
31220
31304
31392
31476
31528
31560
31644
31728
31812
31896
31980
32064
32148
32224
32236
32316
32400
32488
32572
32656
32740
32824
32908
32992
33076
33160
33244
33328
33412
33500
33584
33668
33752
33836
33920
34004
34060
34088
34172
34256
34340
34424
34508
34596
34680
34764
34848
34932
35020
35104
35188
35272
35356
35444
35528
35612
35696
35780
35868
35924
35936
35944
35956
36036
36120
36192
36204
36292
36376
36464
36548
36632
36720
36804
36888
36976
37060
37144
37228
37312
37400
37484
37568
37652
37736
37824
37908
37992
38076
38160
38248
38332
38416
38500
38584
38668
38752
38840
38924
39008
39064
39092
39176
39260
39344
39432
39516
39600
39684
39768
39852
39936
39980
39988
40020
40108
40192
40276
40360
40444
40528
40612
40672
40680
40696
40780
40864
40948
41036
41120
41204
41288
41372
41456
41540
41624
41708
41792
41876
41960
42044
42128
42212
42296
42380
42464
42548
42632
42720
42804
42888
42972
43056
43144
43228
43312
43396
43480
43568
43652
43736
43820
43904
43988
44076
44160
44244
44328
44392
44404
44412
44500
44584
44652
44668
44680
44752
44840
44924
45008
45096
45180
45264
45352
45436
45520
45604
45692
45776
45860
45944
46028
46116
46140
46200
46240
46252
46284
46368
46452
46540
46624
46708
46792
46876
46960
47044
47132
47216
47300
47384
47468
47552
47636
47720
47804
47888
47972
48060
48144
48228
48312
48396
48440
48480
48568
48652
48736
48820
48904
48988
49072
49128
49140
49160
49240
49328
49412
49496
49580
49664
49748
49832
49916
50000
50088
50172
50256
50340
50424
50508
50588
50672
50756
50840
50924
51012
51096
51180
51264
51348
51412
51432
51520
51604
51688
51772
51856
51940
52028
52112
52196
52280
52364
52448
52536
52620
52704
52788
52836
52852
52864
52872
52960
53044
53128
53212
53300
53384
53468
53552
53640
53724
53808
53892
53980
54064
54148
54232
54316
54404
54488
54572
54656
54700
54712
54720
54744
54828
54912
54940
54996
55084
55168
55252
55336
55420
55504
55592
55676
55760
55844
55928
55968
55980
56012
56096
56180
56264
56348
56432
56520
56604
56688
56772
56856
56892
56940
57024
57108
57192
57276
57360
57444
57532
57584
57592
57616
57700
57784
57868
57952
58036
58120
58208
58292
58376
58460
58544
58628
58712
58796
58880
58964
59048
59132
59216
59300
59384
59424
59436
59468
59552
59636
59720
59804
59892
59976
60060
60144
60228
60312
60396
60484
60568
60652
60736
60820
60908
60992
61076
61160
61248
61316
61332
61416
61500
61584
61672
61756
61840
61924
62012
62096
62180
62268
62352
62436
62520
62608
62692
62732
62776
62860
62944
63028
63116
63200
63228
63284
63368
63452
63540
63624
63708
63792
63876
63960
64044
64128
64216
64300
64384
64468
64552
64636
64720
64804
64888
64976
65060
65144
65228
65312
65356
65368
65396
65484
32
116
200
284
368
452
504
516
536
620
704
788
872
956
1044
1128
1212
1296
1380
1464
1548
1632
1716
1800
1884
1968
2052
2136
2220
2304
2388
2472
2556
2640
2724
2808
2896
2980
3064
3148
3232
3320
3404
3488
3572
3656
3740
3828
3912
3996
4080
4164
4220
4232
4248
4336
4420
4488
4504
4588
4676
4760
4844
4928
5016
5100
5188
5272
5356
5440
5524
5612
5696
5780
5864
5948
6036
6084
6096
6120
6204
6288
6372
6460
6544
6628
6712
6796
6880
6964
7048
7132
7216
7300
7384
7468
7556
7640
7724
7808
7892
7976
8064
8148
8232
8272
8316
8400
8484
8568
8652
8736
8824
8908
8976
8988
8996
9076
9160
9244
9328
9412
9500
9584
9668
9752
9836
9920
10004
10088
10172
10256
10340
10424
10508
0
