8
4104
9328
12096
14264
16120
17756
19220
20576
21812
22984
24080
25124
26108
27076
27992
28884
29736
30560
31364
32152
32920
33664
34388
35092
35780
36452
37112
37752
38388
39004
39612
40212
40800
41380
41952
42516
43072
43620
44160
44696
45224
45740
46252
46760
47256
47748
48232
48712
49192
49660
50128
50588
51044
51496
51944
52384
52820
53248
53680
54104
54528
54944
55360
55772
56180
56588
56992
57392
57788
58188
58576
58960
59348
59728
60112
60484
60860
61236
61604
61968
62328
62688
63048
63404
63764
64120
64468
64816
65168
65512
320
660
1000
1340
1676
2008
2340
2668
2996
3320
3644
3972
4288
4612
4928
5248
5564
5884
6196
6508
6820
7132
7436
7744
8052
8356
8660
8960
9264
9564
9860
10156
10448
10740
11032
11320
11612
11900
12188
12472
12756
13040
13320
13604
13888
14168
14448
14724
15000
15276
15552
15824
16096
16368
16636
16908
17172
17440
17708
17972
18236
18500
18764
19024
19288
19548
19808
20064
20324
20580
20840
21096
21352
21608
21864
22116
22372
22624
22876
23128
23376
23620
23868
24116
24364
24608
24852
25100
25340
25580
25816
26056
26296
26532
26772
27008
27244
27480
27716
27952
28184
28416
28652
28884
29116
29348
29580
29808
30040
30264
30496
30728
30952
31180
31404
31632
31856
32084
32308
32536
32760
32984
33204
33428
33652
33872
34096
34316
34536
34760
34976
35196
35412
35628
35848
36060
36276
36492
36704
36916
37128
37344
37556
37768
37980
38192
38404
38612
38824
39032
39240
39448
39656
39864
40072
40276
40484
40688
40896
41100
41304
41508
41712
41916
42120
42324
42524
42724
42928
43128
43332
43532
43732
43932
44132
44332
44528
44728
44928
45124
45320
45516
45712
45908
46108
46300
46496
46696
46888
47080
47272
47464
47660
47852
48044
48236
48428
48620
48812
49004
49192
49384
49572
49764
49956
50144
50332
50520
50708
50896
51080
51272
51456
51640
51828
52012
52196
52384
52568
52752
52936
53124
53304
53488
53672
53856
54040
54220
54404
54588
54768
54952
55132
55312
55492
55672
55852
56032
56212
56392
56568
56748
56928
57108
57284
57464
57644
57820
58000
58176
58352
58528
58708
58884
59060
59236
59412
59588
59764
59940
60116
60288
60464
60640
60812
60988
61160
61332
61504
61680
61852
62024
62196
62368
62540
62712
62884
63056
63228
63396
63568
63736
63904
64072
64244
64412
64580
64752
64920
65084
65248
65416
48
216
380
548
712
880
1044
1212
1376
1540
1708
1872
2036
2200
2368
2528
2692
2856
3020
3184
3344
3508
3668
3832
3992
4156
4316
4480
4640
4800
4960
5124
5284
5444
5604
5764
5924
6084
6244
6404
6564
6720
6880
7036
7196
7352
7512
7668
7824
7984
8140
8296
8456
8612
8768
8928
9084
9240
9396
9552
9708
9864
10016
10172
10328
10484
10636
10792
10948
11100
11256
11408
11564
11716
11872
12024
12176
12328
12484
12636
12788
12944
13096
13248
13400
13552
13704
13856
14008
14160
14312
14460
14612
14764
14916
15068
15216
15368
15516
15664
15816
15964
16116
16264
16416
16564
16716
16864
17012
17164
17312
17460
17612
17760
17908
18056
18204
18352
18500
18652
18796
18944
19092
19236
19384
19536
19680
19828
19976
20124
20268
20416
20564
20712
20856
21004
21152
21296
21444
21588
21736
21880
22028
22172
22316
22460
22608
22752
22896
23040
23184
23328
23472
23620
23764
23908
24052
24196
24340
24480
24624
24768
24912
25056
25196
25340
25484
25624
25768
25908
26052
26192
26336
26476
26616
26756
26900
27040
27184
27320
27464
27604
27744
27888
28028
28168
28308
28448
28588
28728
28864
29004
29148
29284
29424
29564
29704
29840
29976
30116
30256
30392
30532
30672
30808
30944
31084
31224
31360
31496
31636
31772
31912
32048
32188
32324
32460
32596
32732
32872
33004
33140
33276
33412
33548
33688
33820
33956
34092
34228
34364
34500
34636
34772
34904
35040
35176
35312
35448
35580
35716
35848
35984
36116
36252
36384
36520
36652
36784
36920
37052
37188
37320
37456
37588
37720
37856
37988
38120
38252
38384
38516
38648
38780
38912
39044
39176
39308
39440
39572
39704
39836
39968
40096
40228
40356
40488
40620
40748
40880
41012
41140
41272
41404
41536
41664
41796
41928
42056
42184
42316
42444
42576
42704
42836
42968
43096
43224
43352
43480
43612
43740
43872
44000
44128
44260
44388
44516
44648
44776
44904
45036
45164
45292
45424
45552
45680
45808
45936
46068
46196
46324
46452
46580
46708
46840
46964
47096
47224
47352
47480
47608
47736
47864
47996
48124
48252
48380
48508
48636
48764
48892
49020
49148
49276
49404
49532
49656
49784
49912
50040
50168
50296
50424
50552
50680
50808
50932
51060
51188
51316
51444
51568
51696
51824
51948
0
