19300
19332
19408
19488
19564
19640
19720
19796
19876
19952
20028
20108
20184
20260
20340
20388
20416
20492
20568
20648
20724
20800
20876
20956
21032
21108
21184
21264
21340
21416
21492
21572
21612
21620
21648
21724
21804
21880
21956
22032
22108
22188
22264
22340
22416
22456
22468
22476
22492
22572
22648
22724
22800
22876
22952
23028
23108
23184
23260
23336
23412
23492
23568
23644
23720
23796
23872
23952
24028
24104
24180
24260
24336
24412
24488
24564
24640
24716
24796
24872
24948
25024
25100
25180
25248
25260
25332
25408
25484
25564
25640
25716
25796
25872
25948
26024
26100
26180
26256
26332
26412
26488
26564
26640
26720
26768
26780
26796
26872
26952
27028
27104
27184
27260
27336
27416
27492
27568
27648
27724
27800
27880
27956
28032
28112
28188
28264
28344
28420
28432
28496
28572
28600
28648
28728
28804
28880
28956
29032
29112
29188
29264
29304
29316
29340
29416
29496
29572
29648
29724
29800
29876
29952
30032
30108
30160
30168
30184
30260
30324
30332
30344
30408
30416
30488
30568
30644
30692
30720
30788
30800
30876
30952
31028
31104
31180
31256
31336
31412
31488
31564
31640
31716
31792
31868
31948
32024
32100
32176
32252
32328
32404
32480
32508
32520
32532
32560
32636
32712
32788
32864
32940
33020
33096
33172
33248
33324
33404
33480
33556
33632
33712
33788
33864
33940
34020
34096
34172
34208
34248
34328
34404
34452
34480
34560
34636
34712
34788
34868
34944
35020
35100
35176
35252
35328
35408
35484
35560
35640
35716
35736
35748
35760
35768
35792
35872
35948
36024
36100
36180
36256
36332
36412
36488
36564
36640
36716
36792
36872
36948
37000
37008
37024
37100
37176
37252
37328
37404
37480
37556
37636
37712
37788
37824
37864
37872
37940
38016
38092
38168
38244
38324
38400
38476
38552
38628
38704
38784
38860
38936
39012
39088
39164
39240
39320
39380
39396
39472
39548
39624
39700
39776
39852
39928
40004
40080
40156
40236
40312
40388
40464
40540
40616
40644
40656
40692
40700
40768
40844
40900
40924
41000
41076
41152
41228
41308
41384
41460
41536
41616
41692
41768
41816
41828
41836
41848
41924
42000
42076
42152
42232
42308
42384
42460
42540
42616
42692
42768
42848
42924
43000
43080
43156
43232
43308
43388
43432
43444
43456
43468
43540
43616
43692
43768
43776
43848
43924
44000
44076
44156
44232
44308
44384
44460
44540
44616
44692
44768
44844
44920
44996
45076
45152
45228
45304
45380
45456
45476
45532
45544
45608
45684
45760
45836
45912
45988
46064
46132
46144
46216
46296
46372
46448
46524
46600
46676
46752
46828
46904
46984
47036
47048
47060
47136
47212
47288
47364
47440
47516
47592
47668
47748
47820
47828
47840
47852
47880
47888
47900
47960
47972
47980
48024
48052
48128
48204
48244
48256
48272
48280
48316
48328
48356
48368
48380
48432
48444
48512
48588
48644
48652
48664
48700
48712
48740
48760
48816
48892
48968
49048
49124
49200
49248
49256
49276
49356
49432
49444
49456
49468
49480
49508
49584
49612
49624
49660
49740
49764
49816
49892
49932
49944
49968
50048
50076
50124
50200
50276
50356
50432
50508
50588
50664
50740
50816
50896
50972
51048
51100
51108
51124
51204
51280
51356
51432
51440
51508
51584
51664
51740
51816
51892
51968
52048
52124
52200
52276
52320
52332
52352
52428
52508
52584
52660
52736
52812
52888
52964
53040
53116
53192
53272
53348
53424
53500
53576
53652
53728
53796
53808
53880
53956
54036
54100
54112
54188
54264
54340
54416
54492
54568
54644
54720
54796
54872
54952
55028
55104
55180
55256
55332
55408
55480
55492
55560
55636
55648
55716
55792
55868
55944
55976
55988
56020
56044
56052
56096
56172
56240
56248
56260
56316
56324
56336
56352
56404
56428
56436
56480
56524
56536
56556
56632
56708
56720
56740
56776
56784
56796
56864
56904
56912
56940
57016
57032
57044
57092
57120
57132
57172
57216
57228
57248
57324
57400
57420
57480
57556
57632
57708
57788
57864
57940
57996
58020
58096
58172
58248
58328
58404
58480
58556
58636
58712
58764
58788
58868
58944
59020
59032
59096
59176
59252
59328
59404
59480
59560
59636
59712
59788
59864
59940
60016
60092
60172
60248
60324
60400
60476
60552
60628
60704
60780
60856
60936
61008
61084
61164
61240
61316
61392
61436
61456
61468
61488
61544
61620
61696
61744
61756
61776
61852
61920
61928
62004
62052
62060
62080
62148
62156
62236
62312
62340
62388
62420
62456
62464
62504
62516
62540
62616
62628
62684
62696
62768
62820
62832
62844
62896
62904
62920
62980
62992
63000
63048
63072
63120
63132
63148
63184
63196
63228
63276
63284
63304
63344
63356
63380
63456
63532
63584
63596
63608
63652
63664
63684
63716
63760
63840
63892
63900
63916
63984
63992
64044
64056
64068
64116
64144
64224
64300
64376
64388
64396
64436
64448
64460
64472
64532
64560
64592
64604
64612
64656
64668
64684
64728
64744
64756
64768
64840
64892
64904
64916
64992
65008
65020
65072
65148
65224
65300
65380
65456
65532
60
76
112
120
152
228
304
384
460
536
616
692
768
848
892
904
924
1000
1040
1052
1076
1100
1156
1232
1308
1388
1448
1460
1472
1540
1616
1696
1772
1848
1924
2000
2036
2056
2080
2156
2232
2308
2384
2464
2540
2616
2692
2768
2844
2920
2952
2996
3076
3084
3128
3140
3152
3224
3236
3300
3312
3320
3360
3368
3380
3456
3464
3496
3508
3532
3608
3684
3764
3840
3892
3904
3916
3992
4072
4148
4224
4300
4376
4452
4532
4608
4684
4760
4836
4912
4988
5000
5068
5144
5220
5296
5372
5448
5528
5604
5680
5728
5740
5756
5832
5908
5984
6064
6140
6216
6292
6372
6448
6524
6600
6676
6756
6832
6908
6984
7008
7064
7140
7216
7256
7264
7276
7296
7372
7448
7524
7604
7680
7756
7836
7912
7988
8068
8144
8220
8296
8376
8452
8528
8604
8684
8760
8828
8836
8912
8992
9068
9144
9224
9296
9376
9452
9528
9604
9680
9732
9744
9760
9772
9836
9912
9988
10064
10140
10220
10296
10372
10448
10524
10600
10656
10664
10676
10756
10832
10908
10984
11060
11136
11212
11288
11364
11444
11520
11596
11672
11748
11824
11900
11976
12056
12132
12208
12284
12360
12436
12512
12588
12668
12744
12820
12896
12972
13048
13124
13200
13280
13356
13404
13412
13432
13508
13584
13660
13740
13816
13892
13968
14048
14124
14200
14276
14352
14428
14504
14584
14660
14676
14736
14812
14888
14900
14908
14968
15044
15124
15200
15276
15352
15432
15508
15584
15664
15740
15816
15892
15968
16048
16124
16200
16276
16356
16432
16492
16508
16576
16588
16600
16664
16740
16816
16892
16968
17044
17124
17200
17276
17352
17428
17448
17456
17504
17580
17632
17660
17736
17812
17888
17964
18040
18116
18192
18268
18316
18324
18344
18424
18496
18576
18652
18728
18804
18880
18928
18940
18948
18960
19032
19108
19188
19264
19340
19416
19492
19568
19644
19720
19800
19876
19952
20028
20104
20180
20256
20332
20408
20488
20560
20636
20712
20788
20868
20944
21020
21060
21072
21096
21172
21248
21324
21400
21476
21556
21632
21708
21784
21860
21936
22016
22092
22168
22244
22320
22352
22400
22476
22552
22628
22708
22784
22860
22936
23012
23092
23168
23244
23320
23400
23476
23552
23628
23708
23784
23860
23936
24016
24092
24168
24176
24188
24240
24252
24320
24400
24476
24552
24628
24704
24780
24860
24936
25012
25088
25164
25240
25316
25392
25468
25544
25620
25696
25772
25848
25924
25976
25984
26000
26032
26044
26052
26068
26076
26088
26124
26136
26148
26156
26228
26308
26384
26460
26536
26612
26688
26764
26840
26880
26916
26992
27072
27148
27224
27300
27376
27452
27520
27528
27604
27616
27628
27680
27736
27748
27756
27832
27884
27896
27908
27968
27976
27988
28064
28140
28216
28252
28264
28292
28332
28344
28368
28436
28448
28484
28492
28520
28576
28584
28596
28672
28748
28764
28776
28800
28808
28824
28900
28976
29052
29132
29208
29284
29360
29388
29400
29436
29448
29512
29592
29668
29744
29820
29896
29976
30052
30128
30204
30236
30284
30360
30436
30512
30588
30668
30744
30820
30900
30976
31052
31128
31204
31284
31360
31436
31512
31560
31572
31588
31668
31732
31744
31756
31792
31800
31812
31824
31896
31972
32048
32128
32204
32280
32356
32432
32508
32588
32664
32740
32776
32788
32816
32892
32968
33044
33120
33200
33276
33352
33428
33504
33580
33628
33636
33648
33660
33732
33808
33884
33960
34036
34112
34188
34244
34264
34340
34416
34492
34568
34644
34724
34800
34876
34952
35028
35104
35180
35256
35332
35408
35484
35560
35636
35712
35788
35864
35940
35952
35988
35996
36008
36020
36096
36172
36248
36324
36348
36400
36476
36552
36628
36704
36780
36860
36936
37012
37088
37164
37240
37316
37392
37468
37548
37624
37700
37776
37852
37896
37908
37932
38008
38084
38160
38236
38316
38392
38468
38544
38624
38700
38776
38852
38928
39008
39084
39160
39236
39312
39388
39440
39468
39544
39556
39620
39696
39772
39848
39924
40004
40080
40156
40232
40308
40384
40436
40444
40460
40536
40612
40688
40764
40840
40916
40992
41068
41144
41224
41296
41376
41452
41528
41604
41680
41756
41832
41900
41912
41984
42060
42136
42212
42288
42364
42440
42516
42592
42668
42744
42824
42832
42844
42896
42972
43048
43128
43136
43148
43196
43208
43280
43312
43356
43432
43472
43480
43508
43584
43648
43660
43668
43736
43812
43888
43964
44040
44116
44192
44268
44344
44420
44500
44576
44652
44728
44804
44880
44956
45032
45108
45188
45256
45268
45340
45416
45492
45572
45648
45724
45800
45876
45952
46032
46108
46184
46260
46336
46416
46492
46568
46644
46720
46800
46868
46876
46948
46956
47028
47108
47172
47180
47192
47260
47336
47412
47488
47564
47640
47720
47796
47872
47948
48024
48068
48100
48176
48252
48328
48404
48480
48556
48632
48708
48784
48860
48936
49012
49088
49164
49240
49316
49392
49468
49524
49536
49548
49620
49696
49772
49848
49928
50004
50080
50156
50232
50308
50384
50460
50472
50536
50612
50688
50764
50840
50852
50916
50992
51068
51144
51196
51208
51224
51296
51372
51448
51524
51600
51664
51676
51752
51828
51904
51980
52056
52132
52208
52288
52364
52440
52516
52592
52668
52744
52820
52900
52976
53052
53128
53172
53184
53204
53280
53360
53436
53512
53588
53664
53740
53816
53896
53972
54048
54124
54200
54280
54356
54432
54508
54584
54660
54736
54812
54832
54840
54888
54968
55044
55120
55196
55272
55348
55424
55500
55576
55608
55652
55680
55728
55804
55884
55960
56032
56108
56184
56260
56336
56412
56488
56556
56564
56640
56716
56792
56868
56944
57020
57096
57168
57176
57248
57324
57400
57476
57552
57628
57704
57780
57856
57932
58008
58064
58076
58084
58160
58236
58312
58388
58464
58540
58616
58692
58768
58844
58920
58996
59072
59148
59224
59284
59300
59372
59448
59524
59600
59680
59756
59832
59908
59984
60060
60136
60212
60288
60364
60440
60516
60540
60560
60572
60580
60592
60668
60716
60728
60744
60820
60900
60976
61052
61128
61204
61280
61356
61436
61512
61588
61664
61740
61816
61892
61968
62044
62120
62196
62252
62272
62336
62348
62424
62436
62504
62580
62656
62732
62808
62884
62960
63036
63112
63188
63264
63320
63332
63344
63416
63472
63484
63492
63568
63644
63720
63728
63796
63844
63856
63868
63876
63948
64024
64100
64172
64252
64324
64400
64480
64552
64628
64704
64764
64776
64784
64840
64856
64932
65008
65084
65160
65236
65312
65388
65464
8
80
136
148
160
232
308
384
460
536
612
688
764
840
916
988
1064
1140
1216
1292
1344
1356
1368
1376
1444
1520
1596
1672
1748
1828
1904
1980
2056
2132
2208
2284
2360
2436
2512
2572
2584
2596
2652
2664
2740
2816
2860
2868
2892
2968
3048
3120
3200
3276
3352
3428
3504
3580
3660
3736
3812
3888
3964
4040
4116
4192
4268
4344
4424
4500
4576
4652
4728
4804
4880
4956
5032
5108
5184
5260
5308
5320
5336
5412
5488
5564
5640
5712
5788
5864
5940
6016
6092
6168
6244
6280
6304
6316
6324
6396
6440
6452
6472
6536
6548
6624
6700
6776
6852
6928
7004
7080
7156
7232
7308
7384
7460
7536
7612
7688
7764
7840
7912
7988
8064
8140
8216
8292
8368
8444
8520
8596
8672
8744
8820
8896
8972
9048
9124
9200
9276
9352
9428
9504
9580
9656
9732
9808
9884
9964
10040
10116
10192
10212
10268
10344
10420
10464
10476
10496
10572
10648
10724
10800
10876
10952
11028
11108
11184
11260
11336
11412
11488
11564
11640
11716
11792
11868
11944
12020
12064
12096
12108
12176
12252
12328
12404
12480
12556
12632
12708
12784
12860
12936
13012
13088
13164
13240
13312
13388
13464
13540
13616
13692
13768
13796
13844
13920
13992
14068
14144
14220
14296
14372
14440
14452
14524
14600
14672
14748
14824
14900
14976
15052
15128
15204
15280
15332
15356
15432
15508
15584
15660
15736
15812
15888
15916
15960
16036
16108
16116
16188
16264
16340
16416
16424
16492
16560
16568
16640
16716
16792
16868
16944
17020
17096
17172
17248
17324
17400
17476
17552
17628
17704
17764
17772
17784
17796
17840
17856
17932
18004
18012
18056
18064
18084
18160
18240
18316
18388
18468
18544
18620
18696
18772
18848
18924
19000
19076
19152
19228
19280
19304
19380
19456
19532
19608
19684
19704
19712
19760
19796
19808
19836
19912
19988
20064
20140
20212
20220
20232
20292
20368
20444
20520
20540
20596
20672
20748
20792
20804
20816
20828
20896
20972
21028
21036
21052
21124
21200
21276
21352
21360
21424
21504
21580
21652
21728
21804
21880
21956
22032
22108
22184
22256
22332
22408
22484
22524
22560
22604
22636
22672
22712
22788
22864
22920
22932
22940
23012
23088
23164
23240
23312
23324
23388
23396
23468
23544
23620
23684
23696
23772
23848
23920
24000
24072
24112
24124
24148
24224
24300
24376
24452
24528
24604
24680
24756
24832
24908
24984
25060
25136
25212
25288
25364
25408
25440
25516
25592
25604
25668
25744
25820
25896
25972
26048
26124
26200
26280
26356
26432
26508
26584
26660
26736
26812
26884
26896
26964
27040
27116
27180
27192
27204
27232
27244
27268
27344
27420
27496
27572
27648
27724
27800
27876
27952
28024
28100
28148
28160
28176
28252
28328
28404
28480
28556
28628
28704
28780
28856
28932
28948
29000
29012
29084
29160
29232
29308
29384
29460
29536
29612
29628
29688
29724
29736
29764
29784
29840
29916
29992
30068
30140
30216
30292
30368
30444
30500
30520
30596
30672
30744
30820
30896
30972
31048
31124
31196
31272
31292
31348
31424
31500
31576
31652
31728
31804
31876
31952
32028
32104
32180
32256
32332
32408
32484
32560
32636
32712
32788
32864
32940
33016
33092
33168
33176
33244
33320
33396
33472
33548
33624
33700
33776
33852
33928
34004
34080
34156
34232
34308
34384
34436
34448
34460
34524
34536
34612
34688
34764
34800
34812
34824
34840
34916
34992
35068
35144
35220
35296
35372
35448
35524
35600
35676
35748
35824
35900
35976
36052
36128
36204
36276
36352
36428
36504
36576
36656
36728
36804
36880
36956
37032
37104
37180
37256
37332
37408
37484
37560
37636
37712
37784
37860
37936
38012
38088
38164
38240
38312
38388
38464
38540
38616
38692
38764
38840
38920
38992
39068
39144
39216
39252
39292
39368
39444
39520
39596
39672
39748
39820
39896
39972
40048
40124
40200
40276
40352
40428
40504
40520
40580
40656
40704
40712
40732
40808
40876
40888
40960
41032
41112
41188
41264
41340
41416
41492
41568
41644
41720
41792
41868
41944
42020
42080
42096
42172
42248
42260
42304
42324
42352
42384
42396
42408
42476
42512
42524
42552
42616
42628
42640
42704
42772
42784
42856
42904
42916
42932
43008
43084
43156
43236
43292
43304
43312
43384
43460
43536
43612
43688
0
