19300
19416
19564
19712
19856
20004
20148
20296
20440
20584
20732
20876
21024
21168
21316
21460
21604
21752
21896
22040
22188
22332
22476
22620
22764
22912
23056
23200
23344
23460
23472
23488
23632
23776
23924
24068
24212
24360
24504
24648
24792
24936
25032
25044
25084
25224
25372
25516
25660
25804
25948
26092
26240
26384
26528
26672
26820
26964
27108
27256
27400
27544
27688
27832
27976
28124
28268
28412
28556
28700
28848
28992
29136
29280
29424
29532
29572
29716
29860
30008
30152
30296
30440
30588
30732
30876
31024
31168
31316
31460
31608
31752
31896
32044
32188
32332
32480
32624
32704
32716
32768
32916
33060
33204
33352
33496
33644
33788
33932
34080
34224
34372
34516
34664
34808
34952
35100
35244
35392
35536
35684
35828
35976
36120
36264
36412
36556
36704
36848
36996
37140
37284
37428
37572
37716
37860
37976
37988
38004
38152
38296
38440
38584
38728
38876
39020
39164
39308
39452
39596
39740
39888
40032
40176
40320
40464
40608
40752
40900
41044
41188
41332
41480
41624
41772
41916
42060
42204
42348
42496
42640
42784
42928
43076
43220
43364
43508
43652
43796
43940
44088
44232
44376
44524
44668
44740
44812
44956
45100
45248
45392
45540
45684
45832
45976
46124
46268
46412
46560
46704
46848
46996
47140
47228
47284
47432
47576
47724
47868
48016
48160
48304
48452
48596
48744
48888
49032
49180
49324
49472
49616
49764
49908
50052
50200
50344
50492
50636
50780
50924
51072
51216
51360
51508
51652
51796
51944
52088
52232
52376
52488
52500
52520
52664
52812
52956
53100
53244
53392
53536
53680
53824
53968
54112
54260
54404
54548
54692
54836
54980
55124
55268
55412
55556
55704
55848
55996
56140
56284
56428
56572
56720
56864
57008
57156
57300
57444
57588
57732
57876
58020
58168
58312
58456
58560
58568
58604
58748
58892
59036
59184
59328
59472
59616
59764
59908
60052
60200
60344
60492
60636
60780
60928
61072
61216
61364
61508
61652
61744
61800
61944
62088
62236
62384
62528
62676
62820
62964
63112
63256
63404
63548
63696
63840
63984
64132
64276
64424
64568
64716
64860
65004
65148
65296
65440
48
196
340
484
632
776
920
1064
1208
1352
1468
1476
1496
1640
1788
1932
2076
2224
2368
2512
2656
2800
2948
3092
3236
3380
3524
3668
3812
3956
4104
4248
4392
4536
4680
4824
4972
5116
5264
5408
5552
5696
5840
5984
6128
6272
6420
6564
6708
6852
7000
7144
7288
7432
7544
7556
7580
7724
7868
8012
8160
8304
8448
8592
8740
8884
9028
9176
9320
9468
9612
9756
9904
10048
10192
10340
10484
10628
10712
10724
10776
10920
11064
11212
11356
11504
11648
11792
11940
12084
12232
12376
12524
12668
12816
12960
13104
13252
13396
13544
13692
13836
13980
14124
14272
14416
14560
14708
14852
14996
15144
15288
15432
15576
15720
15864
15980
15988
16008
16152
16300
16444
16588
16732
16876
17024
17168
17312
17456
17556
17568
17600
17748
17892
18036
18180
18324
18468
18612
18756
18904
19048
19192
19336
19484
19628
19772
19916
20060
20208
20352
20496
20640
20784
20928
21076
21220
21364
21512
21652
21796
21940
22052
22064
22088
22232
22380
22524
22668
22812
22956
23104
23248
23392
23540
23684
23832
23976
24124
24268
24412
24560
24704
24848
24996
25140
25220
25232
25284
25432
25576
25724
25868
26012
26160
26304
26448
26596
26740
26888
27032
27176
27324
27468
27616
27760
27908
28052
28200
28344
28492
28632
28780
28924
29072
29216
29360
29508
29652
29796
29940
30084
30228
30376
30484
30496
30520
30664
30808
30956
31100
31244
31388
31532
31676
31824
31968
32052
32060
32112
32256
32400
32544
32688
32832
32976
33120
33264
33412
33556
33700
33848
33992
34136
34284
34428
34572
34716
34860
35004
35152
35296
35440
35584
35728
35872
36020
36164
36308
36452
36600
36744
36888
37036
37180
37324
37468
37612
37756
37904
38048
38196
38340
38484
38632
38776
38924
39068
39212
39360
39504
39648
39728
39736
39796
39944
40084
40232
40376
40524
40668
40812
40960
41104
41252
41396
41544
41688
41836
41980
42124
42272
42420
42564
42712
42852
43000
43144
43288
43432
43580
43724
43868
44016
44160
44304
44448
44592
44740
44884
45000
45008
45028
45172
45316
45464
45608
45752
45896
46044
46188
46332
46476
46576
46620
46764
46908
47052
47196
47344
47488
47632
47776
47920
48064
48212
48356
48500
48644
48792
48936
49080
49224
49368
49512
49660
49804
49948
50092
50240
50380
50528
50672
50816
50964
51108
51252
51400
51544
51688
51836
51980
52124
52268
52412
52560
52704
52852
52996
53140
53288
53432
53576
53720
53868
54012
54156
54228
54240
54248
54300
54448
54592
54740
54884
55032
55176
55320
55468
55612
55760
55908
56052
56196
56344
56488
56636
56780
56928
57072
57220
57364
57508
57652
57800
57944
58088
58236
58380
58528
58672
58816
58960
59104
59248
59392
59512
59520
59536
59680
59824
59972
60116
60260
60404
60552
60696
60840
60984
61080
61128
61272
61420
61560
61708
61852
61996
62140
62284
62432
62576
62720
62864
63012
63156
63304
63444
63588
63736
63880
64024
64168
64312
64456
64604
64748
64892
65036
65180
65324
65468
80
224
368
516
660
804
948
1096
1240
1384
1532
1676
1824
1968
2116
2260
2404
2552
2696
2840
2988
3132
3216
3224
3276
3424
3568
3716
3860
4004
4152
4296
4440
4588
4732
4880
5024
5168
5316
5460
5608
5752
5900
6044
6192
6336
6484
6628
6772
6916
7064
7208
7352
7500
7644
7788
7932
8076
8220
8364
8480
8488
8512
8656
8800
8944
9092
9236
9380
9524
9668
9812
9956
10044
10056
10100
10248
10392
10536
10680
10824
10968
11112
11256
11404
11548
11692
11840
11984
12128
12276
12420
12564
12708
12852
12996
13144
13288
13432
13576
13724
13868
14012
14156
14300
14444
14556
14592
14736
14880
15024
15172
15316
15460
15604
15748
15896
16040
16188
16332
16480
16624
16768
16912
17060
17204
17352
17496
17640
17720
17728
17788
17932
18080
18224
18372
18516
18664
18808
18952
19100
19244
19392
19536
19680
19828
19972
20120
20264
20412
20556
20704
20848
20992
21136
21280
21424
21572
21716
21860
22008
22152
22296
22440
22584
22732
22876
22988
22996
23020
23164
23308
23456
23600
23744
23888
24036
24180
24324
24468
24572
24580
24612
24756
24904
25044
25188
25336
25480
25624
25768
25912
26056
26204
26348
26492
26636
26784
26928
27072
27216
27360
27504
27656
27796
27940
28084
28232
28376
28520
28664
28812
28956
29100
29244
29392
29536
29684
29828
29972
30116
30260
30408
30552
30700
30844
30988
31136
31280
31424
31568
31716
31860
32004
32148
32236
32248
32296
32440
32588
32732
32880
33024
33172
33316
33460
33608
33752
33900
34044
34192
34336
34484
34628
34776
34920
35068
35212
35356
35504
35648
35792
35936
36084
36228
36372
36520
36664
36808
36952
37096
37240
37384
37504
37516
37528
37672
37820
37964
38108
38256
38400
38544
38688
38832
38976
39124
39268
39412
39556
39700
39844
39988
40136
40280
40424
40568
40716
40860
41004
41152
41296
41440
41584
41728
41872
42016
42160
42308
42452
42596
42740
42884
43028
43176
43320
43464
43576
43584
43608
43756
43900
44044
44192
44336
44480
44624
44772
44916
45064
45208
45356
45500
45644
45792
45936
46080
46228
46372
46516
46664
46748
46808
46952
47096
47244
47388
47536
47680
47824
47972
48116
48264
48408
48556
48700
48844
48992
49136
49284
49428
49576
49724
49868
50016
50156
50304
50448
50592
50740
50884
51032
51176
51320
51464
51608
51752
51896
52008
52020
52040
52184
52332
52476
52620
52764
52908
53056
53196
53344
53488
53632
53776
53920
54064
54208
54356
54500
54644
54788
54936
55080
55224
55368
55516
55660
55808
55952
56096
56240
56384
56528
56676
56820
56964
57108
57252
57400
57540
57688
57832
57976
58076
58120
58264
58412
58556
58700
58844
58992
59136
59280
59424
59572
59716
59864
60008
60156
60300
60444
60592
60736
60880
61028
61172
61252
61264
61320
61464
61608
61756
61900
62048
62192
62336
62484
62628
62776
62920
63068
63212
63356
63504
63648
63796
63940
64088
64232
64376
64524
64668
64812
64956
65104
65248
65392
4
148
292
436
580
728
872
984
996
1016
1160
1304
1452
1596
1740
1884
2032
2176
2320
2464
2556
2608
2752
2896
3040
3184
3328
3472
3620
3764
3908
4052
4200
4344
4488
4632
4780
4924
5068
5212
5356
5500
5648
5792
5936
6080
6228
6372
6516
6660
6808
6952
7056
7096
7240
7388
7532
7676
7820
7968
8112
8256
8400
8548
8692
8840
8984
9128
9272
9420
9564
9708
9856
10000
10144
10224
10236
10292
10436
10580
10728
10872
11020
11164
11312
11456
11604
11748
11896
12040
12188
12332
12480
12624
12768
12916
13060
13208
13352
13500
13644
13788
13932
14076
14224
14368
14512
14656
14800
14948
15092
15236
15380
15496
15508
15524
15668
15812
15960
16104
16248
16396
16540
16684
16828
16972
17120
17264
17408
17552
17696
17840
17984
18128
18276
18420
18564
18712
18856
19000
19144
19292
19436
19580
19724
19868
20012
20156
20300
20444
20592
20736
20880
21024
21168
21316
21460
21568
21580
21604
21748
21896
22040
22188
22332
22476
22620
22764
22912
23056
23204
23348
23496
23640
23788
23932
24076
24220
24364
24512
24656
24732
24744
24800
24948
25092
25236
25384
25528
25676
25820
25964
26112
26256
26404
26548
26696
26840
26988
27132
27276
27424
27568
27716
27860
28008
28152
28296
28444
28588
28736
28880
29024
29168
29316
29460
29604
29748
29892
30008
30016
30036
30180
30324
30472
30612
30760
30904
31048
31192
31336
31484
31576
31584
31628
31772
31916
32060
32204
32348
32492
32640
32784
32928
33072
33220
33364
33508
33656
33800
33944
34092
34236
34380
34524
34668
34812
34960
35104
35248
35392
35536
35680
35824
35968
36080
36112
36260
36404
36548
36696
36840
36984
37128
37272
37420
37564
37712
37860
38004
38148
38292
38440
38584
38732
38876
39020
39168
39252
39260
39312
39460
39604
39752
39896
40040
40188
40332
40476
40624
40768
40916
41060
41204
41352
41496
41644
41788
41936
42080
42228
42372
42516
42660
42804
42952
43096
43240
43388
43532
43676
43824
43968
44112
44256
44400
44508
44520
44544
44688
44836
44980
45124
45272
45416
45560
45704
45848
45992
46076
46088
46136
46280
46428
46572
46712
46860
47004
47148
47292
47440
47584
47728
47872
48016
48164
48308
48452
48596
48740
48888
49032
49176
49320
49468
49612
49756
49900
50048
50192
50336
50480
50584
50596
50628
50772
50916
51060
51208
51352
51496
51640
51788
51932
52076
52224
52368
52512
52660
52804
52948
53096
53240
53384
53532
53676
53748
53760
53820
53968
54112
54260
54404
54552
54696
54840
54988
55132
55280
55424
55572
55716
55864
56008
56156
56300
56448
56592
56740
56884
57028
57172
57316
57464
57608
57752
57896
58044
58188
58332
58476
58620
58768
58908
59028
59036
59056
59200
59344
59492
59636
59780
59924
60072
60216
60360
60504
60600
60612
60648
60792
60940
61084
61228
61372
61516
61660
61804
61952
62096
62240
62384
62532
62676
62820
62964
63108
63252
63396
63540
63688
63832
63976
64120
64264
64412
64556
64700
64844
64988
65092
65136
65280
65428
36
180
324
472
616
760
908
1052
1196
1344
1492
1636
1780
1924
2072
2216
2360
2504
2652
2728
2740
2796
2940
3088
3232
3376
3524
3668
3812
3960
4104
4252
4400
4544
4688
4836
4980
5128
5272
5420
5564
5712
5856
6004
6152
6292
6436
6584
6728
6876
7020
7164
7308
7456
7600
7744
7884
8000
8008
8032
8176
8320
8464
8608
8752
8900
9044
9188
9332
9476
9620
9764
9912
10056
10200
10344
10488
10632
10780
10924
11068
11212
11360
11504
11648
11796
11940
12084
12228
12372
12520
12664
12808
12952
13096
13240
13388
13532
13676
13820
13964
14072
14084
14108
14256
14400
14544
14692
14836
14980
15124
15268
15416
15560
15708
15852
16000
16144
16288
16436
16580
16728
16872
17016
17164
17240
17248
17308
17452
17600
17744
17892
18036
18180
18324
18472
18616
18764
18908
19056
19200
19344
19492
19636
19784
19928
20076
20220
20364
20512
20656
20800
20944
21092
21236
21384
21528
21672
21820
21964
22108
22252
22396
22508
22516
22540
22684
22832
22976
23120
23264
23412
23560
23700
23844
23988
24080
24132
24276
24424
24568
24708
24856
25000
25144
25288
25432
25576
25724
25868
26012
26160
26304
26448
26596
26740
26884
27028
27172
27320
27464
27608
27752
27896
28040
28188
28332
28476
28584
28620
28768
28912
29056
29204
29348
29492
29636
29780
29928
30072
30216
30364
30508
30656
30800
30944
31092
31236
31380
31528
31672
31752
31764
31816
31964
32108
32124
32136
32256
32400
32548
32692
32836
32984
33128
33276
33420
33568
33712
33856
34004
34148
34296
34440
34584
34732
34876
35024
35168
35312
35456
35604
35748
35892
36040
36184
36328
36472
36616
36760
36904
37024
37036
37052
37196
37340
37488
37632
37776
37920
38068
38208
38356
38500
38644
38788
38936
39076
39220
39368
39512
39656
39800
39944
40088
40236
40380
40524
40668
40816
40960
41104
41248
41392
41536
41684
41828
41972
42116
42260
42404
42552
42696
42840
42984
43096
43132
43276
43420
43568
43712
43856
44000
44148
44292
44436
44584
44728
44876
45020
45164
45312
45456
45600
45748
45892
46036
46180
46260
46328
46472
46616
46764
46908
47052
47200
47344
47492
47636
47784
47928
48076
48220
48364
48512
48656
48804
48948
49096
49240
49388
49532
49676
49824
49968
50112
50260
50404
50552
50696
50840
50984
51128
51272
51416
51536
51548
51560
51704
51848
51996
52140
52284
52428
52576
52720
52864
53008
53152
53296
53440
53584
53728
53876
54020
54164
54308
54452
54600
54744
54888
55036
55180
55324
55468
55612
55760
55904
56048
56192
56340
56480
56628
56772
56916
57060
57204
57352
57492
57600
57608
57640
57784
57928
58076
58220
58364
58508
58652
58800
58944
59092
59236
59384
59528
59676
59820
59964
60108
60256
60400
60544
60692
60764
60836
60984
61128
61272
61420
61564
61712
61856
62000
62144
62292
62436
62584
62728
62876
63020
63164
63312
63456
63604
63752
63892
64040
64184
64328
64476
64620
64768
64912
65060
65204
65348
65492
100
244
388
504
516
536
680
824
968
1112
1256
1404
1548
1692
1836
1980
2124
2268
2416
2560
2704
2848
2992
3136
3280
3424
3568
3716
3860
4004
4152
4296
4440
4588
4732
4876
5020
5168
5312
5456
5600
5744
5888
6032
6180
6324
6468
6576
6612
6760
6904
7048
7192
7340
7484
7628
7772
7916
8064
8208
8356
8500
8648
8792
8936
9084
9228
9372
9516
9664
9752
9764
9808
9956
10100
10248
10392
10536
10684
10828
10972
11120
11264
11412
11556
11704
11848
11996
12140
12284
12432
12576
12724
12868
13012
13156
13304
13448
13592
13740
13884
14028
14172
14320
14464
14608
14752
14896
15016
15028
15044
15188
15332
15476
15620
15768
15912
16056
16200
16348
16492
16580
16592
16636
16780
16924
17068
17212
17356
17500
17648
17792
17936
18080
18224
18368
18516
18660
18808
18948
19096
19240
19384
19528
19672
19820
19964
20108
20252
20396
20540
20688
20832
20976
21084
21120
21268
21412
21556
21704
21848
21992
22136
22280
22428
22572
22720
22864
23008
23156
23300
23444
23592
23736
23880
24028
24172
24256
24268
24316
24464
24608
24752
24900
25044
25192
25336
25480
25628
25772
25920
26064
26212
26356
26504
26648
26792
26940
27084
27232
27376
27524
27668
27812
27956
28104
28248
28392
28540
28684
28828
28972
29116
29260
29404
29528
29536
29548
29692
29840
29984
30128
30276
30420
30564
30708
30852
30996
31140
31284
31432
31576
31720
31864
32008
32152
32300
32444
32588
32732
32876
33024
33168
33312
33460
33604
0
