26955
19368
19444
19520
19596
19660
19672
19748
19824
19900
19964
19976
20052
20128
20196
20208
20280
20308
20356
20432
20508
20584
20660
20736
20812
20884
20892
20964
21040
21116
21192
21268
21344
21416
21492
21568
21644
21696
21704
21716
21728
21796
21872
21948
22024
22100
22176
22252
22328
22404
22480
22556
22632
22708
22784
22860
22936
23012
23084
23160
23240
23312
23388
23464
23540
23616
23692
23768
23844
23920
23996
24072
24148
24220
24296
24372
24448
24524
24600
24676
24752
24828
24904
24980
25056
25132
25208
25284
25360
25436
25512
25588
25664
25704
25716
25728
25744
25816
25896
25904
25916
25972
26048
26124
26200
26276
26352
26428
26504
26580
26660
26736
26812
26888
26964
27040
27116
27192
27268
27344
27420
27496
27552
27564
27572
27648
27724
27800
27876
27952
28028
28104
28180
28256
28332
28408
28484
28560
28636
28712
28784
28860
28936
29012
29088
29164
29240
29300
29312
29324
29392
29468
29544
29620
29696
29772
29848
29924
29960
30000
30076
30152
30228
30304
30380
30456
30532
30608
30684
30760
30836
30912
30984
31060
31136
31212
31288
31364
31440
31516
31592
31668
31744
31820
31896
31972
32044
32124
32196
32272
32348
32428
32504
32580
32656
32732
32808
32884
32960
33036
33112
33188
33260
33272
33340
33416
33492
33508
33516
33568
33644
33720
33800
33876
33952
34028
34104
34180
34256
34332
34408
34484
34560
34636
34712
34792
34868
34944
35020
35096
35172
35248
35324
35400
35476
35552
35628
35704
35780
35856
35932
36008
36084
36160
36236
36312
36388
36460
36536
36612
36688
36764
36840
36904
36916
36992
37068
37144
37220
37296
37372
37448
37524
37600
37676
37752
37828
37904
37984
38056
38132
38208
38284
38360
38420
38428
38440
38512
38588
38664
38740
38816
38892
38968
39040
39116
39192
39268
39344
39420
39496
39572
39648
39724
39800
39876
39952
40028
40104
40180
40256
40332
40408
40484
40560
40636
40712
40788
40864
40944
41020
41096
41172
41248
41324
41400
41476
41552
41628
41704
41780
41856
41932
42012
42088
42164
42240
42316
42392
42468
42544
42620
42696
42764
42772
42848
42924
43000
43076
43152
43228
43304
43380
43456
43532
43608
43684
43760
43836
43912
43988
44064
44140
44216
44292
44368
44440
44500
44512
44520
44592
44668
44744
44820
44896
44972
45048
45124
45164
45200
45276
45352
45428
45504
45584
45660
45732
45808
45884
45960
46036
46112
46188
46264
46340
46416
46492
46568
46644
46720
46796
46872
46948
47024
47100
47172
47248
47324
47400
47476
47552
47628
47708
47780
47860
47936
48012
48088
48164
48240
48316
48392
48456
48468
48544
48620
48696
48728
48772
48848
48924
49000
49076
49156
49232
49308
49384
49460
49536
49612
49688
49764
49840
49916
49992
50068
50144
50220
50296
50360
50368
50380
50452
50524
50600
50680
50756
50832
50908
50984
51060
51136
51212
51288
51364
51440
51516
51588
51664
51740
51816
51892
51968
52044
52120
52196
52272
52348
52424
52500
52576
52652
52728
52784
52796
52804
52880
52956
53032
53108
53184
53260
53336
53412
53488
53564
53640
53716
53792
53864
53944
54020
54092
54168
54244
54320
54396
54472
54548
54624
54700
54776
54812
54852
54928
55004
55080
55156
55232
55308
55384
55460
55536
55612
55688
55764
55840
55916
55992
56068
56144
56220
56300
56320
56376
56452
56528
56604
56680
56756
56832
56908
56988
57064
57140
57216
57292
57368
57444
57520
57596
57652
57664
57672
57748
57824
57900
57968
57980
58052
58128
58204
58280
58360
58432
58508
58584
58660
58736
58812
58888
58964
59040
59116
59192
59268
59344
59420
59496
59572
59648
59708
59720
59728
59800
59872
59948
60028
60100
60180
60256
60332
60404
60416
60484
60560
60636
60712
60788
60864
60940
61016
61092
61168
61244
61320
61396
61468
61544
61620
61696
61772
61848
61924
62000
62076
62152
62228
62304
62376
62448
62456
62528
62604
62680
62756
62836
62912
62988
63064
63140
63216
63292
63368
63444
63520
63596
63672
63748
63824
63900
63928
63980
64056
64132
64208
64284
64360
64436
64512
64588
64668
64740
64820
64896
64972
65048
65124
65200
65276
65352
65428
65504
44
120
196
272
348
424
500
580
656
732
808
884
960
1036
1112
1184
1260
1336
1412
1488
1564
1640
1716
1788
1800
1868
1944
2016
2096
2168
2248
2324
2400
2476
2552
2628
2704
2780
2856
2932
3008
3084
3160
3236
3312
3388
3464
3540
3616
3692
3768
3844
3916
3992
4068
4144
4220
4296
4372
4448
4524
4600
4676
4752
4828
4904
4980
5056
5132
5208
5284
5360
5436
5512
5592
5668
5720
5736
5744
5820
5896
5972
6048
6124
6200
6276
6352
6428
6508
6584
6660
6736
6812
6888
6964
7040
7116
7192
7268
7344
7420
7496
7572
7648
7724
7800
7876
7952
8032
8108
8184
8260
8336
8412
8488
8564
8640
8716
8792
8868
8944
9020
9096
9172
9248
9324
9372
9380
9400
9476
9548
9628
9704
9780
9856
9932
10008
10080
10088
10160
10236
10312
10388
10464
10540
10616
10692
10768
10844
10920
10996
11072
11148
11224
11296
11372
11452
11524
11600
11676
11688
11752
11828
11904
11980
12056
12096
12108
12132
12208
12284
12360
12436
12512
12592
12668
12744
12820
12896
12972
13048
13124
13200
13276
13320
13352
13428
13504
13580
13656
13732
13812
13888
13964
14040
14116
14192
14268
14348
14424
14500
14576
14652
14728
14804
14880
14956
15032
15108
15184
15260
15336
15412
15472
15480
15492
15568
15644
15720
15796
15872
15948
16024
16100
16176
16252
16328
16404
16480
16556
16632
16708
16784
16860
16936
16996
17004
17016
17088
17164
17240
17316
17392
17468
17544
17620
17692
17704
17772
17848
17924
18000
18076
18152
18228
18304
18380
18456
18532
18608
18684
18760
18836
18912
18988
19064
19140
19216
19292
19368
19444
19520
19596
19672
19708
19748
19824
19900
19976
20052
20128
20204
20280
20356
20432
20508
20588
20664
20740
20816
20892
20968
21044
21120
21196
21208
21272
21348
21428
21504
21580
21656
21732
21808
21884
21964
22040
22116
22192
22268
22344
22420
22496
22560
22568
22580
22652
22724
22804
22876
22888
22956
23032
23108
23184
23260
23336
23416
23492
23568
23644
23720
23796
23872
23948
24024
24100
24176
24252
24324
24400
24476
24552
24616
24624
24636
24704
24780
24856
24932
25008
25084
25164
25240
25316
25392
25468
25544
25620
25696
25772
25848
25924
26000
26076
26156
26228
26304
26380
26460
26532
26608
26684
26760
26836
26912
26988
27064
27140
27216
27292
27368
27444
27520
27596
27672
27748
27828
27904
27980
28056
28132
28208
28284
28360
28436
28516
28592
28668
28744
28812
28824
28896
28972
29052
29128
29204
29280
29356
29432
29508
29588
29664
29740
29816
29892
29968
30044
30120
30180
30196
30272
30348
30424
30488
30496
30508
30580
30656
30732
30808
30884
30960
31036
31112
31188
31264
31344
31420
31496
31572
31648
31724
31800
31876
31952
32028
32104
32180
32224
32236
32256
32332
32408
32484
32560
32636
32712
32788
32864
32932
32944
33016
33092
33168
33244
33320
33396
33472
33552
33624
33704
33780
33856
33932
34008
34084
34160
34236
34312
34388
34464
34536
34548
34616
34692
34768
34844
34920
34960
34988
35000
35072
35148
35224
35300
35376
35452
35528
35604
35680
35760
35836
35912
35988
36064
36140
36200
36216
36240
36292
36372
36448
36460
36472
36524
36600
36676
36752
36832
36908
36984
37060
37136
37216
37292
37368
37444
37520
37596
37672
37748
37804
37824
37904
37980
38056
38108
38116
38132
38208
38284
38352
38364
38372
38436
38512
38588
38668
38744
38820
38896
38972
39048
39124
39200
39276
39352
39428
39504
39580
39656
39732
39808
39856
39868
39884
39964
40040
40116
40192
40268
40344
40420
40496
40564
40576
40584
40648
40728
40804
40880
40956
41032
41108
41184
41260
41336
41412
41488
41564
41640
41716
41792
41868
41944
42020
42096
42172
42184
42248
42324
42400
42476
42552
42628
42704
42784
42860
42936
43016
43088
43164
43244
43320
43396
43472
43548
43624
43704
43780
43856
43864
43876
43932
44008
44084
44104
44160
44236
44316
44392
44468
44544
44620
44700
44776
44852
44928
45008
45084
45160
45236
45312
45388
45452
45460
45472
45544
45620
45668
45676
45696
45760
45768
45780
45848
45924
46000
46080
46156
46232
46308
46384
46460
46528
46540
46612
46688
46768
46844
46876
46888
46916
46996
47004
47016
47068
47144
47196
47204
47220
47296
47376
47452
47528
47604
47680
47756
47832
47908
47984
48064
48140
48200
48212
48220
48292
48368
48444
48520
48600
48676
48752
48828
48904
48980
49056
49132
49208
49284
49364
49436
49512
49592
49668
49740
49812
49824
49896
49972
50048
50124
50200
50276
50352
50428
50504
50580
50656
50736
50812
50888
50964
51040
51120
51196
51272
51348
51424
51504
51580
51656
51732
51808
51888
51964
52040
52116
52172
52192
52272
52348
52424
52500
52576
52652
52732
52808
52884
52960
53036
53112
53192
53268
53344
53400
53420
53496
53572
53652
53728
53804
53880
53956
54032
54112
54188
54264
54340
54416
54492
54568
54644
54720
54796
54872
54952
55028
55104
55156
55168
55180
55256
55332
55408
55484
55560
55636
55712
55792
55868
55944
56020
56096
56172
56252
56328
56404
56480
56556
56632
56708
56784
56860
56936
57016
57092
57168
57244
57320
57396
57472
57548
57624
57700
57776
57852
57928
57972
57984
58004
58080
58160
58236
58312
58388
58464
58540
58620
58696
58772
58848
58924
59000
59080
59156
59232
59308
59384
59464
59540
59616
59692
59772
59848
59924
60000
60076
60156
60232
60308
60384
60460
60540
60616
60692
60768
60844
60920
61000
61052
61060
61076
61152
61228
61304
61380
61456
61532
61612
61688
61764
61840
61916
61992
62024
62068
62148
62224
62300
62376
62452
62528
62604
62680
62756
62812
62820
62832
62912
62988
63064
63140
63216
63292
63368
63448
63520
63532
63600
63676
63752
63828
63904
63984
64060
64136
64212
64288
64364
64440
64520
64592
64668
64744
64820
64896
64976
65052
65128
65136
65204
65280
65356
65432
65508
48
124
200
280
356
432
508
588
664
740
816
892
968
1048
1124
1200
1276
1352
1428
1508
1584
1660
1740
1816
1892
1968
2044
2124
2200
2276
2352
2432
2508
2584
2660
2736
2816
2892
2968
3004
3044
3120
3172
3184
3196
3276
3352
3428
3504
3584
3660
3736
3812
3888
3964
4040
4120
4196
4240
4248
4272
4348
4424
4500
4576
4652
4728
4804
4880
4912
4928
4936
4956
5032
5112
5188
5264
5340
5416
5492
5572
5648
5724
5800
5876
5956
6032
6108
6184
6260
6336
6412
6488
6500
6564
6644
6720
6796
6872
6948
7024
7100
7176
7252
7328
7404
7480
7556
7632
7712
7788
7864
7940
8016
8092
8172
8248
8324
8400
8480
8556
8632
8708
8784
8864
8940
9016
9092
9172
9248
9324
9400
9476
9556
9632
9708
9784
9864
9940
10016
10092
10168
10248
10324
10400
10476
10552
10632
10676
10708
10784
10856
10868
10892
10940
11016
11092
11168
11244
11324
11400
11476
11552
11628
11704
11784
11860
11936
12012
12088
12164
12240
12316
12392
12468
12548
12600
12612
12624
12700
12776
12852
12928
13004
13080
13160
13236
13312
13336
13388
13464
13544
13620
13696
13772
13848
13924
14000
14080
14156
14232
14308
14384
14460
14536
14612
14688
14768
14844
14920
14996
15072
15148
15224
15300
15376
15452
15528
15608
15684
15760
15836
15912
15992
16068
16144
16220
16300
16376
16452
16528
16604
16652
16660
16684
16760
16836
16860
16872
16916
16992
17068
17144
17220
17300
17376
17452
17532
17608
17684
17760
17836
17916
17992
18068
18144
18220
18300
18352
18364
18376
18452
18492
18528
18604
18660
18672
18684
18760
18836
18912
18988
19064
19144
19220
19296
19372
19448
19524
19604
19680
19756
19832
19908
19984
20060
20136
20216
20268
20276
20292
20368
20444
20520
20600
20676
20752
20828
20904
20980
21060
21136
21212
21288
21364
21440
21516
21596
21672
21748
21824
21900
21976
22056
22132
22208
22284
22360
22436
22512
22588
22664
22744
22820
22896
22972
23048
23124
23200
23280
23356
23432
23508
23588
23664
23740
23816
23892
23972
24048
24124
24200
24276
24328
24356
24432
24508
24584
24664
24740
24816
24892
24972
25048
25124
25204
25280
25356
25436
25512
25588
25664
25740
25820
25896
25912
25920
25972
26048
26124
26188
26204
26280
26356
26432
26512
26588
26664
26740
26816
26892
26972
27048
27124
27176
27200
27276
27352
27428
27504
27580
27656
27736
27812
27888
27940
27952
27964
28040
28116
28196
28272
28348
28424
28504
28580
28656
28732
28812
28888
28964
29040
29116
29192
29268
29344
29424
29500
29576
29652
29728
29804
29880
29956
30032
30108
30184
30260
30340
30416
30492
30568
30644
30720
30796
30876
30952
31028
31104
31184
31260
31336
31412
31492
31568
31644
31720
31796
31876
31952
32028
32108
32184
32260
32336
32416
32492
32568
32644
32724
32800
32876
32952
33032
33108
33184
33260
33340
33416
33492
33568
33648
33724
33800
33876
33956
34032
34108
34184
34260
34340
34416
34492
34568
34644
34724
34800
34876
34952
35028
35104
35180
35256
35332
35408
35484
35564
35636
35648
35716
35792
35868
35948
36024
36100
36176
36252
36284
36296
36328
36408
36484
36560
36636
36716
36792
36868
36944
37020
37096
37172
37248
37324
37404
37480
37556
37632
37708
37784
37860
37936
37948
38012
38088
38164
38244
38320
38396
38472
38548
38624
38700
38780
38856
38932
39008
39088
39164
39240
39316
39392
39472
39548
39624
39700
39780
39856
39936
40012
40088
40164
40240
40320
40396
40472
40548
40628
40704
40780
40856
40932
41012
41088
41164
41240
41316
41392
41472
41548
41556
41624
41700
41780
41856
41932
42008
42088
42164
42240
42316
42392
42468
42548
42624
42700
42776
42852
42928
43004
43080
43156
43236
43300
43312
43388
43464
43540
43620
43692
43772
43848
43924
44000
44076
44152
44228
44308
44384
44460
44536
44612
44688
44768
44844
44920
44996
45072
45148
45224
45300
45376
45456
45532
45608
45684
45760
45836
45912
45988
46044
46064
46104
46140
46220
46296
46372
46448
46528
46604
46680
46756
46832
46908
46988
47064
47140
47216
47292
47316
47372
47448
47524
47540
47552
47600
47680
47756
47832
47908
47988
48064
48140
48220
48296
48372
48448
48528
48604
48680
48756
48832
48876
48912
48988
49064
49140
49216
49224
49296
49372
49448
49524
49600
49676
49756
49832
49908
49984
50060
50136
50212
50292
50368
50444
50520
50596
50672
50748
50824
50900
50980
50988
51056
51132
51208
51284
51364
51440
51516
51592
51628
51640
51668
51744
51820
51900
51976
52052
52128
52204
52280
52356
52436
52512
52520
52588
52664
52740
52816
52892
52968
53044
53120
53196
53272
53348
53428
53504
53580
53656
53732
53808
53884
53964
54040
54116
54192
54272
54348
54424
54500
54576
54656
54732
54808
54884
54960
54980
55036
55116
55192
55268
55344
55424
55500
55576
55656
55732
55808
55884
55964
56040
56116
56192
56272
56348
56424
56500
56576
56656
56732
56808
56884
56964
57040
57116
57192
57268
57348
57424
57500
57576
57652
57728
57804
57880
57960
58032
58112
58184
58264
58340
58416
58492
58568
58644
58720
58796
58876
58952
59028
59104
59180
59260
59336
59412
59488
59564
59640
59720
59796
59872
59948
60024
60100
60176
60256
60332
60408
60484
60560
60636
60712
60788
60864
60932
60944
60956
61016
61092
61168
61244
61320
61400
61476
61552
61628
61704
61780
61860
61936
62012
62088
62164
62244
62320
62396
62472
62548
62628
62704
62780
62856
62936
63012
63088
63164
63244
63320
63396
63472
63552
63628
63704
63780
63856
63936
64012
64088
64164
64240
64320
64396
64472
64548
64624
64704
64780
64856
64932
65008
65088
65164
65240
65316
65392
65468
65496
12
0
