19300
19328
19420
19512
19604
19700
19792
19856
19864
19884
19932
19940
19976
20072
20164
20256
20348
20444
20532
20628
20720
20812
20904
21000
21092
21184
21276
21368
21460
21556
21648
21740
21832
21924
22016
22112
22156
22168
22204
22296
22388
22480
22572
22664
22756
22848
22940
23032
23124
23220
23228
23308
23404
23496
23588
23680
23772
23864
23956
24048
24140
24232
24324
24416
24508
24600
24692
24784
24876
24968
25064
25156
25248
25340
25432
25524
25620
25712
25804
25896
25988
26080
26172
26264
26292
26356
26448
26540
26632
26724
26816
26908
27000
27092
27184
27276
27368
27460
27552
27596
27644
27736
27828
27924
28016
28108
28200
28296
28388
28480
28572
28664
28760
28852
28944
29036
29088
29100
29128
29224
29264
29316
29372
29380
29408
29500
29592
29688
29780
29872
29964
30056
30152
30244
30336
30428
30520
30616
30708
30800
30892
30984
31076
31172
31264
31356
31448
31540
31632
31724
31816
31908
32000
32096
32188
32280
32372
32464
32476
32556
32648
32740
32832
32924
33016
33108
33200
33292
33384
33480
33536
33568
33660
33752
33844
33936
34028
34120
34216
34308
34316
34328
34400
34492
34584
34676
34768
34864
34956
35048
35140
35232
35324
35416
35508
35600
35692
35784
35876
35968
36060
36152
36244
36324
36336
36428
36520
36612
36704
36796
36888
36984
37076
37168
37260
37352
37448
37540
37632
37724
37816
37912
38004
38096
38188
38284
38352
38364
38376
38468
38560
38652
38748
38840
38932
39024
39116
39208
39304
39396
39488
39580
39672
39768
39860
39952
40044
40136
40232
40324
40360
40416
40508
40600
40656
40692
40788
40880
40972
41064
41156
41248
41340
41432
41524
41616
41708
41804
41896
41992
42080
42172
42264
42356
42448
42540
42632
42724
42816
42908
43000
43092
43184
43276
43368
43460
43552
43560
43644
43736
43828
43924
44016
44108
44200
44292
44384
44476
44568
44660
44752
44844
44936
45028
45120
45212
45304
45396
45488
45568
45576
45588
45672
45764
45856
45948
46044
46092
46136
46228
46320
46412
46504
46600
46692
46784
46876
46968
47064
47156
47248
47340
47436
47528
47592
47604
47620
47712
47776
47808
47884
47896
47908
47992
48084
48176
48268
48364
48456
48548
48640
48736
48828
48920
49012
49104
49196
49292
49384
49476
49568
49652
49660
49712
49720
49732
49752
49848
49896
49904
49936
49944
50032
50124
50216
50308
50400
50492
50584
50676
50768
50860
50944
50956
50964
50980
51044
51136
51232
51324
51416
51508
51600
51692
51784
51876
51968
52060
52156
52244
52336
52432
52524
52616
52708
52792
52800
52812
52892
52984
53076
53172
53264
53356
53448
53540
53632
53724
53816
53908
54000
54012
54020
54092
54184
54280
54368
54460
54552
54644
54736
54804
54828
54920
55012
55104
55200
55292
55348
55384
55476
55568
55660
55752
55848
55940
56032
56128
56220
56312
56404
56496
56588
56684
56776
56848
56860
56872
56960
57056
57092
57148
57240
57332
57428
57520
57612
57704
57796
57892
57984
58076
58168
58260
58352
58448
58540
58632
58724
58820
58912
59004
59096
59164
59176
59188
59280
59372
59464
59556
59648
59740
59832
59928
60020
60112
60188
60200
60208
60296
60344
60356
60388
60440
60452
60480
60572
60664
60756
60848
60940
61036
61128
61220
61244
61312
61404
61496
61588
61680
61772
61864
61956
62048
62140
62236
62328
62420
62512
62604
62696
62788
62884
62976
63068
63160
63252
63344
63436
63528
63620
63712
63804
63896
63988
64076
64084
64172
64264
64336
64348
64356
64368
64428
64452
64544
64636
64728
64820
64912
65008
65100
65192
65284
65380
65472
28
120
216
308
400
492
556
588
680
772
820
828
864
960
1052
1144
1236
1328
1420
1516
1608
1700
1796
1888
1980
2072
2164
2256
2352
2444
2536
2584
2632
2720
2816
2908
3000
3092
3184
3280
3372
3464
3556
3648
3740
3832
3916
3924
3936
4016
4036
4108
4200
4292
4388
4480
4572
4664
4756
4848
4940
5032
5128
5216
5308
5400
5492
5584
5676
5768
5780
5864
5956
6048
6140
6236
6328
6420
6512
6604
6696
6788
6880
6972
7064
7156
7248
7340
7432
7524
7616
7708
7800
7892
7988
8080
8172
8264
8356
8448
8540
8636
8728
8820
8916
9008
9100
9192
9288
9380
9472
9564
9656
9752
9828
9844
9936
10028
10080
10100
10112
10124
10216
10308
10404
10496
10588
10680
10772
10868
10960
11052
11144
11240
11332
11424
11516
11608
11704
11748
11760
11768
11796
11840
11852
11860
11888
11972
11984
12072
12136
12164
12256
12352
12444
12536
12628
12720
12812
12904
12996
13088
13176
13184
13200
13272
13368
13460
13552
13644
13736
13828
13920
14016
14108
14200
14292
14384
14476
14568
14660
14752
14844
14936
14996
15020
15028
15120
15212
15304
15400
15492
15584
15676
15768
15860
15952
16044
16140
16232
16324
16416
16508
16600
16692
16784
16876
16968
17060
17152
17244
17336
17428
17520
17616
17708
17800
17892
17984
18080
18172
18264
18356
18452
18544
18636
18732
18820
18916
19008
19096
19104
19192
19288
19380
19472
19564
19660
19752
19844
19936
20028
20124
20216
20308
20400
20496
20588
20680
20772
20864
20960
21016
21052
21144
21236
21328
21400
21412
21420
21516
21608
21700
21792
21884
21976
22068
22160
22252
22344
22424
22436
22448
22528
22620
22716
22808
22900
22992
23084
23176
23268
23360
23452
23544
23636
23728
23820
23912
24004
24096
24188
24272
24280
24292
24376
24468
24544
24552
24564
24652
24744
24836
24928
25020
25112
25204
25300
25392
25460
25472
25484
25576
25668
25760
25852
25944
26036
26128
26220
26312
26404
26496
26588
26680
26772
26868
26960
27052
27144
27236
27328
27424
27516
27608
27700
27796
27888
27980
28072
28168
28260
28340
28352
28444
28536
28632
28724
28816
28908
29000
29092
29188
29280
29372
29464
29560
29652
29744
29836
29928
30024
30116
30208
30300
30348
30360
30396
30488
30580
30632
30672
30764
30856
30948
31040
31132
31224
31316
31408
31504
31592
31680
31688
31700
31728
31780
31872
31964
32056
32148
32240
32332
32424
32516
32608
32700
32792
32884
32976
33068
33160
33252
33348
33440
33516
33528
33540
33624
33716
33808
33900
33996
34088
34180
34272
34364
34456
34548
34640
34732
34824
34916
35008
35100
35192
35284
35376
35468
35540
35560
35652
35744
35840
35932
36024
36116
36208
36300
36392
36484
36580
36672
36764
36860
36952
37044
37136
37232
37324
37416
37508
37584
37592
37604
37696
37788
37872
37884
37972
38064
38160
38252
38344
38436
38528
38624
38716
38808
38900
38992
39088
39180
39272
39364
39460
39504
39552
39600
39608
39644
39736
39828
39892
39904
39920
40012
40108
40196
40292
40384
40476
40568
40660
40752
40844
40932
40944
40952
41028
41120
41216
41308
41400
41492
41584
41676
41768
41860
41952
42044
42136
42228
42320
42412
42504
42596
42688
42760
42772
42780
42876
42968
43060
43152
43244
43336
43428
43520
43616
43708
43800
43892
43984
44076
44168
44260
44352
44444
44536
44628
44720
44808
44820
44904
44996
45092
45184
45276
45368
45460
45552
45644
45736
45832
45924
46016
46112
46204
46296
46388
46484
46576
46668
46760
46852
46948
47040
47132
47144
47228
47320
47412
47504
47596
47688
47784
47876
47968
48060
48156
48248
48340
48432
48524
48620
48712
48804
48856
48864
48896
48988
49084
49148
49176
49268
49360
49452
49544
49636
49728
49824
49916
50008
50100
50192
50284
50376
50468
50560
50652
50744
50840
50932
51024
51116
51208
51260
51300
51392
51484
51576
51668
51760
51852
51944
52028
52040
52132
52224
52316
52376
52408
52500
52596
52688
52780
52872
52964
53056
53148
53240
53332
53424
53516
53608
53700
53792
53884
53976
54068
54080
54160
54252
54344
54440
54532
54624
54716
54808
54900
54996
55088
55180
55272
55368
55460
55552
55644
55740
55832
55924
56016
56108
56120
56204
56296
56388
56484
56576
56668
56760
56852
56944
57040
57132
57224
57316
57408
57504
57596
57688
57780
57876
57968
58028
58060
58072
58104
58116
58148
58160
58244
58340
58392
58404
58424
58432
58444
58524
58616
58708
58800
58892
58984
59076
59168
59260
59352
59440
59448
59540
59632
59724
59816
59908
60000
60092
60188
60280
60372
60464
60556
60648
60740
60832
60924
61016
61108
61200
61292
61304
61384
61480
61572
61664
61756
61852
61944
62036
62128
62220
62312
62404
62496
62588
62680
62772
62864
62956
63048
63140
63232
63324
63332
63416
63512
63604
63696
63788
63880
63972
64064
64160
64252
64344
64436
64532
64624
64716
64808
64904
64996
65088
65180
65276
65360
65372
65460
16
76
88
112
204
296
388
480
576
668
760
852
948
1040
1132
1224
1320
1412
1504
1596
1692
1736
1784
1840
1852
1876
1968
2060
2120
2132
2152
2248
2340
2432
2524
2616
2708
2800
2892
2984
3080
3168
3264
3356
3448
3516
3528
3540
3632
3724
3816
3908
4004
4052
4092
4184
4280
4372
4460
4556
4648
4740
4832
4924
5008
5016
5108
5200
5292
5388
5480
5572
5664
5756
5848
5940
6032
6128
6220
6312
6404
6496
6588
6680
6772
6864
6956
7032
7044
7052
7140
7232
7324
7416
7508
7604
7696
7788
7880
7972
8068
8160
8252
8348
8440
8532
8624
8720
8812
8904
8996
9060
9076
9088
9100
9184
9232
9276
9368
9464
9556
9648
9740
9832
9928
10020
10112
10208
10300
10392
10484
10576
10672
10764
10856
10952
11044
11136
11228
11320
11376
11388
11416
11508
11600
11692
11784
11876
11968
12060
12152
12248
12336
12432
12440
12524
12616
12708
12800
12892
12984
13080
13172
13264
13356
13448
13472
13484
13496
13540
13632
13724
13816
13908
14000
14092
14188
14280
14288
14372
14464
14556
14652
14744
14836
14928
15020
15112
15204
15296
15388
15480
15572
15668
15760
15852
15944
16036
16128
16220
16312
16320
16404
16496
16588
16680
16776
16868
16960
17052
17144
17240
17332
17424
17516
17612
17704
17796
17892
17984
18076
18168
18264
18332
18344
18356
18364
18448
18540
18636
18728
18820
18916
19008
19100
19192
19284
19380
19472
19564
19656
19752
19844
19936
20028
20124
20216
20308
20404
20492
20588
20680
20772
20864
20956
21052
21140
21236
21328
21420
21512
21604
21696
21788
21880
21976
22068
22160
22252
22344
22436
22528
22620
22712
22768
22804
22900
22992
23084
23176
23200
23268
23360
23428
23436
23452
23532
23544
23556
23640
23732
23824
23916
24012
24104
24196
24288
24380
24472
24564
24660
24752
24844
24936
25028
25120
25212
25304
25396
25488
25580
25672
25768
25860
25952
26044
26076
26136
26228
26324
26416
26508
26600
26696
26788
26880
26976
27068
27160
27256
27348
27440
27532
27624
27636
27720
27812
27904
27996
28092
28184
28276
28368
28464
28556
28648
28740
28836
28928
29020
29116
29208
29300
29392
29488
29496
29512
29580
29672
29764
29860
29912
29924
29952
30044
30136
30228
30320
30416
30508
30600
30692
30784
30876
30968
30992
31060
31152
31248
31340
31432
31524
31616
31708
31800
31892
31984
32080
32172
32264
32356
32448
32476
32540
32632
32724
32788
32800
32816
32908
33000
33096
33188
33280
33372
33468
33560
33652
33744
33836
33928
34020
34112
34204
34296
34388
34484
34576
34668
34760
34852
34944
35036
35128
35220
35316
35408
35500
35592
35684
35780
35872
35964
36060
36152
36244
36340
36432
36524
36616
36712
36804
36876
36896
36988
37084
37156
37176
37268
37360
37456
37548
37640
37732
37828
37920
38012
38108
38200
38292
38384
38476
38572
38664
38756
38852
38944
39036
39128
39188
39200
39220
39316
39408
39500
39592
39684
39776
39868
39960
40056
40144
40240
40252
40260
40332
40424
40516
40608
40704
40796
40888
40980
41072
41164
41256
41320
41348
41440
41532
41624
41720
41812
41904
41996
42088
42180
42272
42368
42460
42552
42644
42736
42828
42924
43016
43108
43200
43292
43384
43476
43568
43660
43752
43844
43936
44028
44120
44216
44308
44400
44492
44584
44676
44768
44864
44956
45048
45140
45236
45328
45420
45516
45608
45700
45792
45888
45980
46072
46152
46160
46172
46260
46352
46388
46444
46540
46632
46724
46816
46908
47004
47096
47188
47284
47376
47468
47560
47656
47748
47840
47932
48028
48120
48212
48304
48400
48460
48492
48584
48676
48768
48860
48952
49048
49140
49232
49324
49416
49508
49600
49692
49788
49880
49972
50064
50156
50248
50340
50432
50524
50568
50580
50616
50712
50804
50896
50988
51080
51172
51264
51352
51364
51448
51544
51636
51728
51820
51916
52008
52100
52192
52284
52376
52468
52560
52652
52748
52840
52932
53024
53116
53208
53300
53392
53404
53484
53576
53668
53764
53856
53948
54040
54132
54228
54320
54412
54508
54600
54692
54784
54880
54972
55064
55156
55252
55344
55420
55432
55440
55528
55624
55692
55716
55808
55900
55996
56088
56180
56276
56368
56460
56552
56644
56740
56832
56924
57016
57112
57204
57296
57392
57424
57436
57448
57484
57576
57668
57716
57724
57764
57856
57948
58040
58132
58228
58320
58412
58504
58596
58688
58780
58808
58816
58872
58964
59060
59152
59244
59336
59428
59520
59612
59708
59800
59856
59868
59892
59944
59956
59984
60008
60076
60128
60136
60168
60260
60352
60444
60536
60620
60632
60724
60816
60908
61000
61096
61188
61280
61372
61464
61560
61652
61744
61836
61928
62020
62112
62204
62296
62388
62484
62572
62668
62760
62852
62944
63036
63132
63180
63192
63224
63316
63408
63500
63596
63688
63784
63876
63968
64060
64156
64248
64340
64436
64528
64620
64692
64700
64716
64808
64900
64932
64992
65088
65180
65276
65368
65460
16
108
204
296
392
484
576
668
764
856
948
1044
1136
1228
1320
1416
1508
1600
1692
1788
1880
1972
2064
2156
2248
2344
2432
2520
2532
2620
2712
2808
2900
2992
3084
3176
3268
3364
3456
3548
3604
3640
3732
3824
3916
4008
4104
4196
4288
4356
4368
4380
4472
4564
4656
4752
4844
4936
5032
5124
5216
5308
5400
5492
5588
5680
5772
5864
5956
6048
6140
6232
6324
6412
6424
6512
6604
6696
6788
6884
6976
7068
7160
7252
7348
7440
7536
7628
7720
7812
7908
8000
8096
8188
8280
8376
8444
8456
8468
8560
8656
8672
8748
8840
8936
9028
9120
9216
9308
9400
9492
9588
9680
9772
9868
9960
10052
10148
10240
10332
10428
10520
10612
10708
10768
10776
10800
10892
10984
11080
11172
11264
11356
11448
11540
11632
11724
11820
11872
11912
12004
12100
12192
12284
12376
12468
12560
12652
12748
12840
12896
12904
12920
12932
13024
13116
13208
13300
13396
13488
13580
13672
13764
13860
13952
14044
14140
14232
14324
14416
14508
14600
14696
14788
14880
14972
15064
15156
15248
15340
15432
15528
15620
15692
15712
15804
15896
15992
16084
16176
16268
16360
16456
16548
16640
16736
16828
16920
17016
17108
17200
17296
17388
17480
17576
17668
17720
17732
17760
17856
17920
17948
18040
18136
18228
18320
18416
18508
18600
18696
18788
18880
18976
19068
19160
19256
19348
19440
19536
19628
19720
19816
19908
20000
20096
20188
20280
20328
20340
20352
20372
20468
20560
20652
20744
20836
20932
21024
21116
21208
21300
21396
21488
21580
21672
21768
21860
21952
22044
22136
22200
22212
22228
22280
22288
22324
22416
22468
22480
22508
22600
22692
22784
22880
22916
22972
23064
23156
23252
23344
23436
23532
23624
23716
23812
23904
23996
24088
24180
24276
24368
24460
24552
24644
24736
24828
24924
24996
25016
25108
25200
25264
25276
25296
25388
25400
25412
25480
25572
25668
25760
25852
25948
26040
26136
26228
26324
26416
26508
26604
26696
26792
26884
26980
27044
27052
27072
27164
27260
27280
27352
27444
27540
27632
27724
27820
27912
28008
28100
28192
28288
28380
28472
28568
28660
28756
28848
28940
29036
29128
29220
29316
29376
29388
29408
0
