33956
33948
34020
34140
34260
34376
34496
34616
34732
34852
34972
35092
35208
35328
35448
35564
35684
35800
35920
36036
36156
36276
36396
36512
36632
36752
36872
36988
37108
37224
37344
37464
37580
37700
37820
37936
38056
38176
38296
38412
38532
38652
38768
38888
39008
39124
39244
39360
39480
39600
39716
39836
39956
40072
40192
40312
40432
40548
40664
40784
40904
41020
41140
41260
41380
41496
41616
41732
41852
41972
42092
42208
42328
42448
42564
42684
42804
42920
43040
43160
43276
43396
43516
43636
43752
43872
43992
44112
44228
44348
44468
44588
44704
44824
44944
45064
45180
45300
45416
45536
45652
45772
45892
46008
46128
46248
46364
46484
46604
46720
46840
46960
47080
47200
47316
47432
47552
47672
47788
47908
48028
48144
48264
48384
48500
48620
48740
48856
48976
49096
49212
49332
49452
49568
49688
49808
49928
50044
50164
50284
50404
50520
50640
50760
50876
50996
51112
51232
51352
51468
51588
51704
51824
51944
52064
52180
52300
52416
52536
52656
52772
52892
53012
53128
53248
53368
53484
53604
53724
53840
53960
54080
54196
54316
54436
54552
54672
54792
54908
55028
55148
55268
55384
55504
55624
55740
55860
55980
56100
56220
56340
56456
56576
56696
56812
56932
57048
57168
57288
57404
57524
57640
57760
57880
57996
58116
58236
58352
58472
58592
58708
58828
58948
59068
59184
59300
59420
59540
59660
59776
59896
60016
60132
60252
60372
60488
60608
60728
60844
60964
61084
61200
61320
61440
61560
61676
61796
61916
62032
62152
62272
62388
62508
62628
62748
62864
62984
63100
63220
63336
63456
63576
63696
63812
63932
64052
64168
64288
64404
64524
64644
64760
64880
65000
65116
65236
65352
65472
56
176
292
412
532
648
768
888
1004
1124
1244
1360
1480
1600
1720
1836
1956
2076
2196
2312
2432
2552
2672
2792
2908
3028
3148
3264
3384
3500
3620
3736
3856
3976
4092
4212
4332
4448
4568
4688
4804
4924
5044
5164
5280
5400
5520
5636
5756
5872
5992
6112
6228
6348
6468
6584
6704
6824
6940
7060
7180
7296
7416
7536
7652
7772
7892
8008
8128
8248
8368
8484
8604
8724
8844
8960
9080
9200
9316
9432
9552
9672
9788
9908
10028
10148
10264
10384
10504
10620
10740
10856
10976
11096
11212
11332
11452
11568
11688
11808
11924
12044
12164
12280
12400
12520
12636
12756
12876
12992
13112
13232
13352
13472
13588
13708
13828
13944
14064
14184
14304
14420
14540
14660
14780
14896
15016
15136
15252
15372
15488
15608
15724
15844
15964
16084
16200
16320
16440
16556
16676
16792
16912
17032
17152
17272
17388
17504
17624
17744
17860
17980
18100
18216
18336
18456
18572
18692
18812
18928
19048
19168
19284
19404
19524
19640
19760
19880
20000
20116
20236
20356
20472
20592
20712
20832
20948
21068
21188
21304
21424
21540
21660
21776
21896
22016
22136
22252
22372
22492
22608
22728
22844
22964
23084
23200
23320
23440
23560
23676
23796
23912
24032
24152
24268
24388
24508
24628
24744
24864
24980
25100
25220
25340
25456
25576
25696
25816
25932
26052
26172
26292
26412
26528
26648
26768
26884
27004
27120
27240
27360
27476
27596
27716
27832
27952
28068
28188
28308
28424
28544
28664
28780
28900
29020
29140
29260
29376
29492
29612
29732
29848
29968
30088
30204
30324
30444
30560
30680
30800
30916
31036
31156
31276
31392
31512
31632
31752
31868
31988
32104
32224
32344
32464
32580
32700
32820
32936
33056
33172
33292
33408
33528
33648
33768
33884
34004
34124
34240
34360
34476
34596
34716
34832
34952
35072
35188
35308
35428
35544
35664
35784
35900
36020
36140
36256
36376
36496
36612
36732
36852
36968
37088
37208
37328
37444
37564
37684
37804
37920
38040
38160
38280
38400
38516
38636
38756
38872
38992
39108
39228
39344
39464
39584
39700
39820
39944
40060
40176
40296
40412
40532
40652
40772
40892
41008
41128
41244
41364
41480
41600
41720
41836
41956
42076
42192
42312
42432
42548
42668
42788
42904
43024
43144
43260
43380
43500
43616
43740
43856
43976
44096
44212
44332
44452
44568
44688
44808
44924
45044
45160
45280
45396
45516
45636
45756
45872
45992
46112
46228
46348
46464
46584
46704
46820
46940
47060
47176
47296
47416
47532
47652
47772
47888
48008
48128
48244
48364
48484
48600
48720
48840
48960
49076
49196
49316
49436
49552
49672
49792
49912
50032
50148
50268
50388
50504
50624
50744
50860
50980
51096
51216
51332
51452
51572
51692
51808
51928
52048
52164
52284
52400
52520
52640
52760
52880
52996
53112
53232
53352
53468
53588
53708
53824
53944
54064
54180
54300
54420
54536
54656
54776
54892
55012
55132
55248
55368
55488
55608
55724
55844
55964
56084
56200
56320
56440
56556
56676
56792
56912
57032
0
