33956
33948
34004
34100
34196
34292
34388
34484
34580
34676
34772
34864
34960
35056
35152
35248
35344
35440
35536
35632
35728
35824
35920
36016
36108
36204
36300
36396
36492
36588
36684
36780
36876
36972
37068
37164
37260
37356
37452
37548
37644
37740
37836
37928
38024
38124
38216
38312
38408
38504
38600
38696
38792
38892
38988
39084
39180
39276
39372
39464
39560
39656
39752
39848
39944
40036
40132
40228
40324
40420
40516
40612
40708
40804
40900
40996
41092
41188
41284
41376
41476
41568
41664
41760
41856
41952
42048
42144
42240
42336
42432
42528
42624
42716
42812
42912
43004
43100
43196
43292
43388
43484
43580
43676
43772
43868
43964
44060
44156
44248
44344
44440
44536
44632
44728
44824
44920
45016
45112
45208
45304
45396
45492
45588
45684
45780
45876
45972
46068
46164
46260
46356
46452
46548
46644
46736
46836
46932
47024
47120
47216
47312
47408
47504
47600
47696
47792
47888
47984
48080
48176
48272
48368
48464
48560
48656
48752
48848
48944
49040
49136
49232
49328
49420
49516
49612
49708
49804
49900
49996
50092
50188
50284
50380
50476
50572
50668
50764
50860
50952
51048
51144
51240
51336
51432
51528
51624
51720
51812
51908
52004
52100
52196
52292
52388
52484
52580
52676
52772
52868
52964
53060
53156
53252
53344
53444
53536
53632
53728
53824
53920
54016
54112
54204
54304
54396
54492
54592
54684
54780
54876
54972
55068
55164
55260
55356
55452
55548
55640
55736
55832
55928
56024
56120
56216
56312
56408
56504
56600
56696
56792
56888
56984
57080
57176
57272
57368
57464
57560
57656
57752
57848
57944
58040
58136
58232
58328
58424
58520
58616
58708
58804
58900
58996
59092
59188
59284
59380
59476
59572
59668
59760
59856
59952
60048
60144
60240
60336
60432
60528
60624
60720
60816
60908
61004
61100
61196
61292
61388
61484
61580
61676
61772
61868
61964
62060
62156
62248
62344
62440
62540
62632
62728
62824
62920
63016
63112
63208
63304
63400
63496
63588
63684
63780
63876
63972
64068
64164
64260
64356
64452
64548
64640
64736
64832
64928
65024
65120
65216
65312
65408
65504
64
160
256
352
448
544
640
736
832
928
1024
1116
1212
1312
1404
1504
1596
1692
1788
1884
1980
2080
2176
2272
2368
2464
2556
2652
2748
2844
2940
3036
3132
3224
3320
3420
3512
3608
3704
3800
3896
3992
4088
4184
4280
4376
4472
4568
4660
4756
4852
4948
5044
5140
5236
5332
5428
5524
5620
5716
5808
5904
6000
6096
6192
6288
6384
6480
6576
6672
6768
6864
6960
7056
7152
7248
7340
7436
7532
7628
7724
7820
7916
8012
8108
8204
8300
8396
8492
8584
8680
8776
8872
8968
9064
9160
9256
9352
9448
9544
9640
9736
9828
9924
10024
10116
10212
10308
10404
10500
10596
10692
10788
10884
10980
11076
11172
11272
11364
11460
11556
11652
11748
11844
11940
12036
12132
12228
12324
12420
12516
12608
12704
12800
12896
12992
13088
13184
13280
13376
13472
13568
13660
13760
13856
13952
14048
14140
14236
14332
14428
14524
14620
14712
14812
14904
15000
15096
15192
15288
15384
15480
15576
15672
15768
15864
15960
16056
16152
16248
16344
16436
16532
16628
16724
16820
16916
17012
17108
17204
17300
17392
17488
17584
17680
17776
17872
17968
18064
18160
18256
18352
18444
18540
18640
18732
18828
18924
19020
19116
19212
19308
19404
19500
19596
19692
19788
19884
19980
20076
20172
20268
20364
20460
20556
20652
20748
20844
20940
21036
21132
21228
21324
21420
21516
21612
21708
21804
21896
21992
22088
22184
22280
22376
22472
22568
22660
22756
22852
22948
23044
23140
23236
23332
23428
23524
23620
23716
23812
23908
24000
24096
24192
24288
24384
24480
24576
24672
24768
24864
24960
25056
25148
25248
25340
25436
25532
25628
25724
25820
25916
26012
26108
26204
26300
26396
26492
26588
26680
26776
26872
26968
27064
27160
27256
27352
27448
27544
27640
27736
27828
27924
28020
28116
28212
28308
28404
28500
28596
28692
28788
28884
28980
29076
29172
29268
29364
29460
29552
29648
29744
29840
29936
30032
30128
30224
30320
30416
30512
30608
30704
30800
30896
30992
31088
31184
31280
31376
31472
31568
31664
31756
31852
31948
32044
32140
32236
32332
32428
32524
32620
32716
32812
32908
33004
33100
33196
33288
33384
33480
33576
33672
33768
33864
33960
34056
34152
34244
34340
34436
34532
34628
34724
34824
34916
35012
35108
35204
35300
35396
35492
35588
35680
35776
35872
35968
36064
36160
36256
36352
36448
36540
36636
36732
36828
36928
37020
37116
37212
37308
37404
37500
37596
37692
37788
37880
37976
38076
38168
38264
38360
38456
38552
38648
38744
38840
38936
39032
39128
39224
39320
39416
39512
39608
39704
39800
39896
0
