33956
33948
33996
34076
34156
34236
34316
34396
34476
34556
34636
34716
34796
34876
34956
35036
35120
35200
35280
35360
35436
35516
35596
35680
35756
35836
35916
36000
36076
36160
36236
36320
36396
36476
36560
36636
36720
36800
36880
36960
37040
37120
37200
37280
37360
37440
37520
37600
37680
37760
37840
37920
38000
38080
38160
38240
38320
38400
38480
38560
38640
38720
38800
38880
38960
39040
39120
39200
39280
39360
39440
39520
39600
39680
39760
39840
39920
40000
40080
40160
40240
40320
40400
40484
40560
40644
40724
40804
40884
40968
41044
41124
41204
41284
41364
41444
41524
41608
41688
41768
41848
41924
42004
42084
42164
42244
42324
42404
42484
42564
42644
42724
42804
42884
42964
43044
43124
43208
43288
43368
43444
43524
43604
43684
43764
43844
43924
44004
44084
44164
44244
44328
44404
44484
44564
44644
44728
44804
44884
44964
45044
45128
45208
45288
45368
45448
45528
45608
45688
45768
45848
45928
46008
46088
46168
46248
46328
46408
46488
46568
46648
46728
46808
46888
46968
47048
47128
47208
47288
47368
47448
47528
47608
47688
47768
47848
47928
48008
48088
48168
48248
48328
48408
48488
48568
48648
48728
48808
48892
48972
49052
49132
49212
49292
49372
49452
49532
49612
49692
49772
49852
49932
50012
50092
50172
50252
50332
50412
50492
50572
50652
50732
50812
50892
50972
51052
51132
51212
51292
51376
51452
51532
51612
51692
51772
51852
51932
52012
52092
52172
52252
52332
52412
52492
52572
52652
52732
52812
52892
52972
53052
53132
53212
53292
53372
53452
53532
53616
53696
53776
53856
53932
54012
54092
54172
54252
54332
54412
54496
54576
54656
54736
54816
54892
54972
55052
55132
55216
55296
55376
55456
55536
55616
55696
55776
55856
55936
56016
56096
56176
56256
56336
56416
56496
56576
56656
56736
56816
56896
56976
57056
57136
57220
57300
57380
57460
57540
57620
57700
57780
57860
57940
58020
58100
58180
58260
58340
58420
58500
58580
58660
58740
58820
58900
58980
59060
59140
59220
59300
59380
59460
59540
59620
59700
59780
59860
59940
60020
60100
60180
60260
60340
60424
60500
60580
60660
60740
60820
60900
60980
61060
61140
61220
61300
61380
61460
61540
61620
61700
61780
61860
61940
62020
62100
62180
62260
62340
62420
62500
62580
62660
62744
62820
62900
62980
63060
63140
63220
63300
63380
63460
63540
63620
63700
63780
63860
63940
64024
64104
64184
64264
64344
64424
64504
64584
64664
64744
64824
64904
64984
65064
65144
65224
65304
65388
65468
12
92
172
252
332
412
492
572
652
732
812
892
972
1052
1132
1212
1292
1372
1452
1532
1612
1692
1772
1852
1932
2012
2092
2172
2252
2332
2412
2492
2572
2652
2732
2812
2892
2972
3052
3132
3212
3292
3372
3452
3532
3612
3692
3772
3852
3932
4012
4092
4172
4252
4332
4412
4492
4572
4652
4732
4812
4892
4972
5052
5132
5212
5292
5372
5452
5532
5612
5692
5772
5852
5932
6012
6092
6172
6252
6332
6412
6492
6572
6652
6732
6812
6892
6976
7056
7136
7216
7296
7376
7456
7536
7616
7696
7776
7856
7940
8020
8100
8180
8260
8340
8416
8496
8576
8656
8736
8816
8896
8976
9056
9136
9216
9296
9376
9456
9536
9620
9700
9780
9860
9936
10016
10096
10176
10256
10336
10416
10496
10576
10656
10740
10820
10896
10976
11056
11136
11216
11296
11376
11460
11536
11620
11700
11780
11860
11940
12020
12100
12180
12260
12340
12420
12500
12580
12660
12740
12820
12900
12980
13060
13140
13220
13300
13380
13460
13540
13620
13700
13780
13860
13940
14020
14100
14180
14260
14344
14420
14500
14580
14660
14740
14820
14900
14980
15060
15140
15220
15300
15384
15464
15544
15624
15704
15784
15864
15944
16024
16104
16184
16264
16344
16424
16504
16584
16664
16744
16824
16904
16984
17064
17144
17224
17304
17384
17464
17544
17624
17704
17784
17864
17944
18024
18104
18184
18264
18344
18424
18504
18584
18664
18744
18824
18904
18984
19064
19144
19224
19304
19384
19464
19544
19624
19704
19784
19864
19944
20024
20104
20188
20268
20348
20424
20504
20584
20664
20744
20824
20904
20988
21064
21148
21228
21304
21384
21464
21544
21624
21708
21788
21868
21948
22028
22108
22188
22268
22348
22428
22508
22588
22668
22748
22828
22908
22988
23068
23148
23228
23308
23388
23468
23548
23628
23712
23792
23872
23952
24032
24112
24192
24272
24352
24432
24512
24592
24672
24752
24832
24912
24992
25072
25152
25232
25312
25392
25472
25552
25632
25712
25792
25872
25952
26032
26112
26192
26272
26352
26432
26512
26592
26672
26752
26832
26912
26992
27072
27152
27232
27312
27392
27472
27552
27632
27712
27792
27872
27952
28032
28112
28192
0
