33956
33948
34056
34356
34652
34948
35244
35540
35836
36136
36432
36728
37028
37320
37620
37920
38216
38516
38816
39112
39408
39704
40000
40296
40588
40884
41180
41476
41772
42068
42364
42660
42956
43252
43548
43844
44140
44436
44732
45032
45324
45624
45920
46208
46504
46800
47096
47392
47688
47984
48280
48576
48876
49172
49468
49764
50060
50356
50652
50948
51244
51540
51840
52132
52432
52728
53028
53324
53620
53916
54212
54508
54804
55100
55392
55688
55988
56284
56576
56872
57168
57468
57760
58060
58352
58648
58940
59236
59532
59828
60124
60424
60716
61012
61308
61604
61900
62196
62492
62788
63088
63384
63680
63976
64272
64568
64868
65164
65460
220
516
816
1112
1408
1704
2004
2304
2604
2900
3196
3492
3792
4084
4380
4676
4972
5268
5564
5856
6152
6448
6748
7040
7336
7632
7928
8224
8520
8816
9116
9412
9708
10004
10292
10592
10888
11184
11480
11776
12068
12368
12664
12960
13256
13552
13848
14144
14444
14736
15036
15332
15628
15924
16220
16516
16812
17112
17408
17704
18000
18296
18596
18888
19184
19480
19772
20072
20368
20664
20956
21256
21552
21848
22144
22436
22732
23028
23324
23616
23912
24208
24504
24800
25096
25392
25688
25988
26280
26576
26872
27172
27468
27764
28060
28356
28652
28952
29248
29544
29844
30140
30436
30732
31028
31328
31624
31924
32224
32520
32816
33112
33412
33704
34000
34296
34592
34888
35184
35480
35776
36068
36368
36660
36960
37256
37548
37844
38144
38436
38736
39032
39328
39624
39912
40212
40508
40804
41100
41396
41688
41992
42284
42580
42876
43172
43468
43768
44064
44356
44656
44952
45248
45544
45840
46136
46432
46732
47028
47324
47620
47916
48216
48508
48808
49100
49396
49692
49988
50284
50576
50876
51172
51468
51764
52060
52352
52648
52944
53236
53532
53832
54128
54420
54716
55012
55308
55608
55900
56200
56492
56792
57088
57384
57680
57976
58272
58572
58868
59164
59464
59760
60056
60356
60648
60948
61244
61544
61844
62140
62436
62732
63032
63328
63620
63916
64212
64508
64804
65100
65392
152
452
744
1044
1340
1632
1928
2228
2520
2820
3116
3412
3708
3996
4296
4592
4888
5184
5480
5776
6072
6368
6664
6960
7256
7552
7852
8148
8440
8740
9036
9332
9628
9924
10220
10516
10816
11112
11408
11704
12000
12300
12592
12892
13184
13480
13776
14072
14368
14660
14960
15256
15552
15848
16144
16436
16732
17028
17320
17616
17912
18208
18504
18800
19096
19392
19692
19984
20280
20576
20876
21172
21468
21764
22060
22356
22656
22952
23248
23544
23844
24140
24436
24732
25028
25328
25628
25928
26224
26520
26816
27116
27408
27704
28000
28296
28592
28888
29180
29476
29772
30072
30364
30660
30956
31252
31548
31844
32140
32440
32736
33032
33328
33616
33912
34212
34508
34804
35096
35392
35692
35988
36284
36580
36876
37172
37468
37764
38060
38356
38652
38948
39248
39540
39840
40136
40436
40732
41028
41324
41620
41916
42212
42508
42800
43096
43396
43688
43984
44280
44576
44876
45168
45464
45760
46056
46348
46644
46940
47236
47532
47828
48124
48420
48712
49012
49308
49604
49900
50196
50492
50792
51088
51384
51680
51976
52276
52568
52868
53164
53460
53760
54056
54352
54648
54948
55244
55544
55844
56140
56436
56732
57028
57324
57616
57912
58208
58504
58800
59096
59392
59688
59984
60280
60576
60872
61168
61464
61760
62056
62352
62652
62948
63236
63532
63828
64124
64420
64716
65012
65308
68
364
660
960
1256
1552
1848
2144
2440
2736
3032
3328
3624
3924
4220
4516
4812
5108
5404
5700
6000
6296
6592
6884
7180
7476
7772
8068
8360
8660
8956
9252
9548
9844
10136
10432
10728
11020
11316
11616
11912
12208
12500
12796
13092
13392
13688
13984
14276
14576
14872
15168
15464
15760
16056
16356
16652
16948
17248
17544
17840
18136
18432
18732
19028
19328
19628
19924
20220
20516
20816
21112
21404
21700
21996
22292
22588
22884
23176
23472
23772
24064
24360
24660
24952
25248
25548
25840
26140
26436
26732
27028
27316
27616
27912
28208
28504
28800
29092
29392
29688
29984
30280
30576
30872
31168
31464
31760
32060
32352
32652
32948
33240
33540
33836
34136
34432
34728
35024
35320
35616
35912
36208
36504
36796
37096
37388
37684
37980
38276
38572
38868
39164
39460
39756
40048
40344
40640
40936
41232
41528
41824
42120
42412
42712
43008
43304
43600
43896
44192
44492
44788
45084
45380
45676
45972
46268
46568
46864
47160
47456
47756
48048
48348
48648
48944
49244
49544
49836
50136
50432
50728
51024
51316
51612
51908
52204
52500
52796
53092
53388
53684
53980
54280
54572
54868
55164
55456
55756
56052
56352
56648
56932
57232
57528
57824
58120
58416
0
