33956
33948
34044
34272
34496
34724
34948
35176
35400
35624
35852
36080
36304
36532
36756
36980
37208
37436
37660
37888
38112
38340
38564
38792
39020
39244
39472
39696
39924
40148
40376
40600
40824
41052
41276
41500
41728
41952
42180
42404
42632
42856
43080
43308
43532
43756
43984
44208
44436
44660
44888
45112
45336
45564
45788
46016
46240
46468
46696
46920
47148
47372
47600
47824
48052
48276
48504
48732
48960
49184
49408
49636
49864
50092
50320
50548
50772
51000
51224
51452
51676
51900
52128
52352
52576
52804
53028
53256
53480
53704
53932
54156
54384
54608
54836
55060
55288
55516
55740
55968
56188
56412
56640
56864
57092
57316
57544
57768
57996
58220
58448
58672
58900
59124
59352
59576
59804
60028
60256
60480
60708
60936
61160
61388
61612
61840
62064
62292
62516
62744
62968
63192
63416
63644
63868
64096
64320
64548
64776
65000
65224
65452
140
364
592
816
1040
1268
1492
1720
1944
2172
2396
2624
2848
3080
3300
3528
3756
3980
4208
4432
4660
4884
5112
5340
5564
5792
6016
6244
6468
6696
6924
7152
7380
7608
7832
8060
8288
8512
8736
8960
9188
9412
9636
9864
10088
10316
10540
10764
10992
11220
11444
11668
11896
12120
12348
12576
12800
13028
13248
13476
13700
13928
14152
14380
14604
14832
15056
15280
15508
15736
15960
16188
16412
16636
16864
17092
17316
17544
17768
17996
18220
18448
18676
18900
19128
19352
19580
19804
20032
20256
20480
20708
20932
21156
21384
21612
21836
22060
22288
22512
22740
22964
23188
23412
23640
23864
24092
24316
24544
24768
24996
25220
25448
25672
25900
26128
26352
26580
26804
27032
27256
27484
27708
27936
28164
28388
28616
28844
29068
29296
29524
29748
29980
30208
30432
30656
30884
31108
31336
31560
31784
32012
32236
32460
32688
32912
33140
33364
33592
33816
34040
34268
34492
34720
34948
35172
35400
35628
35848
36072
36300
36524
36752
36976
37204
37428
37652
37880
38108
38332
38560
38784
39012
39236
39464
39688
39916
40140
40368
40596
40820
41048
41276
41500
41724
41952
42180
42404
42628
42856
43080
43304
43528
43756
43980
44208
44436
44660
44888
45112
45336
45560
45788
46012
46240
46464
46692
46916
47144
47368
47592
47820
48044
48272
48500
48724
48952
49176
49404
49632
49856
50084
50308
50536
50764
50988
51216
51444
51668
51892
52120
52348
52576
52804
53032
53256
53484
53708
53936
54160
54384
54608
54836
55060
55288
55512
55736
55964
56188
56416
56640
56868
57092
57316
57548
57772
58000
58224
58444
58672
58900
59124
59348
59576
59800
60028
60252
60480
60704
60932
61160
61384
61608
61836
62064
62288
62516
62740
62964
63192
63420
63648
63872
64100
64324
64552
64776
65004
65228
65452
140
368
592
820
1044
1272
1496
1724
1948
2176
2400
2624
2852
3080
3300
3528
3752
3980
4204
4428
4656
4884
5108
5336
5560
5788
6016
6240
6468
6692
6920
7144
7372
7600
7824
8052
8280
8504
8728
8956
9184
9412
9640
9868
10092
10320
10548
10772
10996
11220
11448
11672
11896
12124
12348
12576
12800
13024
13252
13480
13704
13928
14156
14380
14608
14836
15064
15288
15508
15736
15960
16188
16412
16640
16864
17092
17316
17544
17768
17996
18220
18448
18672
18900
19124
19352
19576
19804
20028
20256
20488
20712
20936
21160
21388
21612
21840
22064
22292
22516
22740
22968
23192
23420
23644
23872
24096
24324
24548
24776
25000
25224
25448
25676
25900
26128
26352
26580
26804
27028
27256
27484
27708
27936
28160
28388
28612
28840
29068
29292
29520
29744
29972
30196
30424
30652
30876
31104
31328
31556
31784
32012
32240
32468
32692
32920
33144
33372
33596
33820
34044
34272
34496
34724
34948
35176
35400
35624
35852
36080
36304
36528
36756
36980
37208
37436
37660
37888
38108
38336
38560
38788
39012
39240
39464
39692
39916
40140
40368
40596
40820
41048
41272
41496
41724
41952
42176
42404
42628
42856
43080
43308
43536
43760
43988
44212
44440
44664
44892
45116
45340
45568
45792
46016
46244
46472
46696
46920
47148
47372
47600
47824
48048
48272
48500
48728
48952
49176
49404
49628
49856
50080
50308
50536
50760
50988
51212
51440
51664
51892
52116
52344
52568
52796
53024
53252
53476
53704
53928
54156
54384
54612
54840
55068
55292
55516
55744
55972
56196
56420
56644
56872
57096
57324
57548
57772
58000
58224
58452
58676
58904
59128
59356
59580
59808
60036
60260
60488
60708
60932
61160
61384
61612
61836
62064
62288
62516
62740
62968
63196
63420
63648
63872
64096
64324
64552
64776
65004
65228
65456
144
372
600
824
1052
1276
1504
1728
1956
2180
2404
2632
2856
3080
3308
3532
3760
3984
4212
4436
4664
4888
5112
5336
5564
5788
6016
0
