33956
33948
34036
34220
34404
34588
34772
34956
35140
35328
35512
35696
35880
36064
36248
36432
36616
36800
36984
37168
37352
37536
37720
37904
38088
38272
38456
38644
38824
39008
39192
39376
39560
39744
39928
40112
40296
40480
40664
40848
41032
41216
41400
41584
41772
41956
42140
42324
42508
42692
42876
43060
43244
43428
43616
43800
43984
44168
44352
44540
44724
44912
45092
45280
45464
45648
45832
46016
46196
46380
46564
46748
46932
47116
47304
47488
47672
47856
48040
48224
48408
48592
48776
48960
49148
49332
49512
49696
49880
50064
50248
50432
50616
50800
50984
51168
51352
51540
51720
51908
52088
52272
52460
52644
52828
53012
53196
53380
53564
53748
53932
54120
54304
54488
54672
54856
55040
55224
55404
55592
55772
55956
56140
56328
56512
56696
56880
57064
57248
57432
57616
57800
57984
58168
58352
58536
58720
58904
59088
59272
59456
59640
59824
60008
60192
60376
60564
60748
60932
61116
61300
61484
61668
61852
62036
62224
62408
62592
62776
62960
63148
63332
63516
63700
63888
64068
64252
64436
64620
64804
64988
65172
65356
8
188
372
556
744
924
1108
1292
1476
1664
1848
2032
2220
2396
2584
2768
2952
3136
3320
3504
3688
3872
4056
4240
4424
4608
4792
4976
5160
5344
5528
5712
5900
6080
6268
6452
6636
6820
7004
7188
7372
7560
7744
7928
8108
8292
8476
8660
8844
9028
9212
9396
9584
9768
9952
10136
10316
10500
10684
10868
11056
11240
11424
11608
11792
11976
12160
12344
12528
12712
12896
13080
13264
13448
13632
13816
14000
14184
14372
14556
14740
14924
15108
15292
15480
15664
15848
16036
16220
16404
16588
16772
16956
17140
17324
17508
17692
17876
18060
18244
18428
18612
18796
18980
19164
19348
19532
19716
19900
20088
20272
20456
20640
20820
21004
21188
21372
21556
21740
21924
22112
22296
22480
22664
22848
23032
23216
23400
23584
23768
23952
24136
24320
24504
24692
24876
25060
25244
25428
25612
25796
25980
26164
26352
26532
26716
26900
27084
27268
27452
27636
27820
28004
28192
28376
28556
28740
28924
29108
29292
29476
29660
29844
30028
30212
30400
30584
30764
30948
31132
31320
31504
31688
31872
32056
32240
32424
32608
32792
32980
33164
33348
33532
33716
33900
34088
34272
34460
34644
34828
35012
35196
35380
35564
35748
35932
36116
36300
36480
36664
36848
37036
37220
37404
37588
37772
37956
38140
38324
38508
38696
38880
39064
39244
39428
39612
39796
39980
40164
40348
40532
40716
40900
41088
41272
41456
41640
41824
42004
42192
42376
42560
42744
42928
43112
43296
43484
43668
43852
44040
44220
44404
44588
44772
44956
45140
45324
45508
45692
45876
46060
46244
46428
46612
46796
46980
47164
47348
47532
47716
47900
48084
48268
48452
48636
48820
49004
49188
49372
49556
49740
49928
50112
50296
50480
50664
50848
51032
51216
51400
51584
51772
51956
52140
52324
52508
52696
52880
53068
53248
53436
53620
53804
53988
54168
54352
54536
54720
54904
55088
55272
55460
55640
55828
56012
56196
56380
56564
56748
56932
57116
57304
57488
57668
57852
58036
58220
58404
58588
58772
58956
59140
59324
59508
59696
59876
60060
60244
60428
60616
60800
60984
61168
61352
61536
61720
61904
62088
62272
62460
62644
62828
63012
63196
63380
63564
63748
63928
64112
64296
64484
64668
64852
65036
65220
65404
52
236
420
604
788
972
1156
1340
1524
1708
1892
2076
2260
2444
2628
2812
2996
3184
3368
3552
3736
3920
4104
4288
4472
4660
4844
5028
5212
5396
5580
5768
5952
6136
6320
6508
6692
6876
7056
7240
7424
7608
7792
7976
8160
8344
8528
8716
8900
9080
9264
9452
9632
9820
10004
10188
10376
10556
10740
10924
11108
11292
11476
11660
11844
12028
12212
12396
12580
12764
12948
13132
13320
13500
13684
13868
14056
14236
14424
14608
14792
14976
15160
15344
15528
15716
15900
16084
16268
16448
16636
16816
17000
17184
17368
17552
17740
17924
18108
18292
18472
18660
18840
19024
19212
19396
19580
19764
19948
20132
20316
20500
20684
20868
21052
21236
21420
21604
21788
21972
22156
22340
22528
22712
22896
23080
23264
23448
23636
23820
24004
24192
24376
24560
24744
24928
25112
25296
25480
25664
25848
26032
26216
26400
26584
26768
26952
27136
27320
27504
27688
27872
28056
28244
28428
28612
28796
28976
29160
29348
29528
29712
29896
30080
30268
30452
30636
30820
31004
31188
31372
31556
31740
31924
32108
32292
32476
32660
32848
33032
33216
33400
33584
33768
33952
34136
34320
34504
34688
34872
35056
35240
35424
35608
35792
35976
36160
36348
36532
36716
36896
37080
37264
37448
37632
37816
38000
38188
38368
38552
38740
38920
39104
39288
39476
39660
39844
40028
40212
40396
0
