33956
33948
33972
34104
34240
34372
34508
34644
34776
34908
35044
35176
35312
35444
35580
35712
35848
35980
36116
36252
36384
36520
36652
36788
36920
37056
37188
37324
37456
37592
37724
37860
37996
38128
38260
38396
38528
38664
38800
38932
39068
39200
39332
39468
39600
39732
39868
40004
40136
40272
40408
40540
40672
40804
40940
41072
41208
41340
41476
41612
41744
41880
42012
42148
42280
42416
42548
42684
42820
42952
43088
43220
43356
43488
43624
43756
43892
44028
44160
44296
44432
44564
44700
44836
44968
45104
45236
45372
45508
45640
45772
45908
46040
46172
46308
46440
46576
46708
46844
46980
47112
47248
47380
47516
47648
47784
47916
48052
48188
48316
48452
48588
48720
48856
48988
49120
49256
49392
49524
49660
49792
49928
50064
50196
50328
50464
50596
50732
50868
51000
51136
51268
51404
51536
51672
51804
51940
52072
52208
52344
52476
52608
52744
52876
53008
53144
53280
53412
53548
53680
53816
53948
54080
54216
54348
54484
54616
54752
54884
55020
55152
55288
55424
55556
55692
55824
55960
56092
56228
56364
56496
56632
56764
56896
57032
57168
57300
57436
57572
57704
57840
57976
58108
58244
58380
58512
58648
58780
58916
59048
59184
59316
59448
59584
59716
59848
59984
60120
60252
60388
60520
60656
60788
60924
61056
61192
61328
61460
61596
61728
61860
61996
62128
62264
62396
62532
62664
62800
62932
63068
63204
63336
63472
63604
63736
63872
64008
64140
64276
64408
64544
64676
64812
64944
65080
65212
65348
65484
80
216
348
480
616
748
884
1016
1152
1284
1420
1552
1688
1820
1956
2088
2220
2356
2488
2624
2760
2892
3028
3160
3296
3428
3564
3696
3832
3964
4104
4236
4368
4504
4636
4772
4904
5040
5172
5308
5444
5576
5712
5848
5980
6116
6252
6384
6520
6652
6788
6924
7056
7188
7324
7456
7588
7724
7856
7992
8124
8260
8396
8528
8660
8796
8928
9064
9200
9332
9468
9600
9732
9868
10000
10136
10268
10404
10536
10672
10808
10940
11076
11208
11344
11476
11612
11744
11880
12012
12148
12280
12416
12552
12684
12820
12952
13088
13220
13356
13488
13624
13756
13888
14024
14156
14292
14424
14560
14692
14828
14964
15096
15228
15364
15496
15628
15764
15896
16032
16168
16300
16436
16568
16704
16836
16972
17104
17240
17376
17508
17644
17776
17912
18044
18180
18312
18448
18580
18716
18852
18984
19120
19256
19388
19524
19660
19792
19928
20064
20196
20332
20464
20596
20732
20864
20996
21132
21264
21400
21532
21668
21804
21936
22068
22204
22336
22472
22608
22740
22876
23008
23144
23276
23412
23544
23676
23812
23944
24080
24216
24348
24484
24616
24752
24884
25020
25152
25288
25420
25556
25688
25824
25960
26092
26228
26360
26496
26632
26764
26896
27032
27164
27296
27432
27564
27700
27832
27968
28100
28236
28372
28504
28636
28772
28904
29040
29172
29308
29440
29576
29708
29844
29976
30112
30244
30380
30512
30648
30784
30916
31052
31184
31320
31452
31588
31720
31856
31992
32124
32260
32392
32528
32664
32796
32932
33068
33200
33336
33472
33604
33740
33872
34004
34140
34272
34404
34540
34672
34808
34940
35076
35212
35344
35476
35612
35744
35880
36016
36148
36284
36416
36552
36684
36816
36952
37084
37220
37352
37488
37624
37756
37896
38024
38160
38292
38428
38560
38696
38828
38964
39096
39232
39368
39500
39636
39768
39904
40036
40172
40304
40440
40572
40704
40840
40972
41108
41240
41376
41508
41644
41780
41912
42044
42180
42312
42444
42580
42716
42848
42984
43116
43252
43384
43520
43652
43788
43920
44056
44192
44324
44460
44592
44728
44860
44996
45128
45264
45400
45532
45668
45800
45936
46072
46204
46340
46476
46608
46744
46880
47012
47144
47280
47412
47548
47680
47812
47948
48080
48216
48348
48484
48620
48752
48884
49020
49152
49288
49424
49556
49692
49824
49960
50092
50224
50360
50492
50628
50760
50896
51032
51164
51300
51432
51568
51700
51836
51968
52104
52236
52372
52504
52640
52776
52908
53044
53176
53312
53444
53580
53712
53848
53980
54112
54248
54380
54516
54648
54784
54916
55052
55184
55320
55452
55584
55720
55852
55988
56120
56256
56392
56524
56660
56792
56928
57060
57196
57328
57464
57596
57732
57868
58000
58136
58268
58404
58536
58672
58804
58940
59076
59208
59344
59480
59612
59748
59884
60016
60152
60284
60424
60552
60688
60820
60952
61088
61220
61356
61488
61624
61756
61892
62028
62160
62292
62428
62560
62696
62832
62964
63100
63232
63364
63500
63632
63768
63900
64036
64168
64304
64436
64572
64708
64840
64976
65108
65240
65376
65512
108
244
376
512
644
780
912
1048
1180
1316
1452
1584
1720
1852
1984
2120
2252
2388
2520
2656
2788
2924
0
