8
3524
5276
6516
7536
8412
9192
9908
10560
11168
11740
12288
12800
13292
13760
14212
14644
15060
15468
15860
16244
16616
16980
17336
17684
18020
18356
18680
19000
19312
19620
19924
20224
20512
20804
21084
21360
21636
21908
22176
22440
22700
22956
23212
23460
23708
23956
24200
24440
24680
24916
25144
25376
25608
25828
26052
26272
26492
26708
26924
27136
27348
27560
27768
27976
28184
28384
28588
28788
28988
29188
29384
29580
29772
29960
30152
30340
30528
30716
30904
31088
31272
31452
31632
31812
31992
32168
32348
32520
32696
32872
33044
33216
33388
33556
33728
33896
34064
34228
34396
34560
34724
34888
35052
35212
35372
35528
35688
35848
36008
36164
36320
36476
36632
36784
36940
37092
37244
37396
37548
37696
37848
37996
38144
38296
38440
38588
38736
38880
39028
39172
39320
39464
39604
39748
39892
40032
40176
40316
40456
40600
40740
40880
41016
41156
41296
41432
41572
41708
41848
41984
42120
42256
42392
42528
42660
42792
42928
43060
43196
43328
43460
43596
43728
43860
43992
44124
44256
44388
44520
44652
44784
44916
45044
45172
45304
45432
45564
45692
45820
45948
46080
46208
46336
46464
46596
46720
46848
46976
47104
47232
47360
47484
47612
47740
47864
47992
48120
48244
48368
48496
48620
48748
48872
48996
49120
49244
49368
49492
49616
49736
49864
49984
50108
50232
50356
50480
50600
50724
50844
50968
51092
51212
51336
51456
51580
51700
51824
51944
52064
52184
52308
52428
52548
52672
52792
52912
53032
53152
53272
53392
53512
53632
53752
53872
53988
54108
54228
54348
54468
54588
54704
54824
54940
55060
55176
55292
55412
55528
55648
55764
55880
56000
56116
56232
56348
56464
56584
56700
56816
56932
57048
57168
57284
57396
57512
57628
57744
57860
57976
58092
58208
58324
58436
58552
58668
58784
58896
59012
59128
59244
59356
59472
59588
59700
59816
59928
60044
60160
60272
60384
60500
60616
60728
60840
60952
61068
61180
61292
61408
61520
61632
61744
61860
61972
62084
62196
62308
62420
62532
62644
62760
62872
62984
63096
63208
63320
63432
63544
63656
63768
63880
63992
64104
64216
64328
64440
64548
64660
64772
64884
64996
65108
65220
65328
65440
16
128
240
348
460
568
680
792
900
1012
1120
1228
1340
1448
1560
1668
1780
1888
1996
2108
2216
2328
2436
2544
2656
2764
2876
2984
3092
3200
3312
3420
3528
3636
3744
3856
3964
4072
4180
4288
4396
4508
4616
4724
4832
4940
5048
5156
5264
5376
5484
5592
5700
5808
5916
6024
6132
6240
6348
6452
6560
6668
6776
6884
6992
7100
7208
7312
7420
7528
7636
7740
7848
7956
8064
8168
8276
8384
8492
8600
8704
8812
8920
9024
9132
9240
9348
9452
9560
9668
9772
9880
9988
10092
10200
10304
10412
10520
10624
10732
10836
10944
11052
11160
11264
11368
11476
11584
11688
11792
11896
12004
12108
12216
12320
12424
12532
12636
12740
12848
12952
13056
13164
13268
13376
13480
13584
13692
13792
13900
14004
14108
14216
14320
14424
14532
14636
14740
14844
14948
15056
15160
15264
15368
15472
15580
15684
15788
15892
15996
16100
16208
16312
16416
16520
16624
16728
16832
16940
17040
17144
17252
17352
17456
17560
17668
17772
17876
17980
18084
18188
18292
18396
18496
18600
18708
18808
18912
19020
19120
19224
19328
19432
19536
19640
19744
19848
19952
20056
20160
20264
20368
20472
20576
20676
20780
20884
20988
21092
21196
21300
21404
21512
21612
21716
21816
21920
22024
22128
22228
22332
22436
22536
22640
22744
22844
22948
23052
23152
23256
23360
23460
23564
23668
23772
23876
23976
24080
24180
24284
24388
24488
24592
24692
24796
24900
25000
25104
25208
25312
25412
25516
25616
25720
25820
25924
26028
26128
26232
26336
26436
26540
26640
26744
26844
26948
27052
27152
27256
27356
27456
27560
27660
27764
27864
27968
28068
28172
28272
28376
28476
28576
28680
28780
28884
28984
29088
29188
29292
29392
29496
29596
29700
29800
29900
30004
30108
30208
30308
30412
30512
30616
30716
30820
30920
31020
31124
31224
31324
31428
31528
31632
31732
31836
31936
32040
32140
32240
32344
32444
32544
32644
32744
32844
32948
33048
33148
33252
33352
33452
33552
33656
33756
33856
33960
34060
34164
34264
34360
34464
34564
34664
34768
34868
34968
35068
35168
35272
35372
35472
35572
35672
35776
35876
35976
36076
36176
36280
36380
36480
36580
36684
36784
36884
36984
37084
37188
37288
37388
37488
37588
37688
37788
37888
37988
38088
38192
38292
38392
38492
38592
38692
38792
38892
38992
39092
39196
39296
39396
39496
39596
39696
39796
39896
39996
40100
40200
40300
40400
40500
40600
40700
40800
40900
41000
41100
41204
41304
41404
41504
41604
41704
41804
0
