19300
19352
19464
19580
19696
19812
19928
20040
20156
20268
20384
20500
20616
20728
20844
20960
21072
21188
21304
21420
21532
21648
21764
21876
21988
22104
22220
22332
22448
22560
22676
22788
22904
23020
23132
23248
23360
23476
23592
23704
23820
23932
24044
24160
24276
24388
24504
24616
24732
24844
24960
25076
25192
25304
25420
25532
25648
25760
25876
25992
26104
26216
26332
26444
26560
26676
26788
26904
27016
27132
27244
27360
27472
27588
27700
27816
27932
28044
28160
28272
28388
28504
28620
28732
28844
28960
29076
29188
29304
29416
29532
29588
29648
29760
29876
29992
30104
30220
30336
30448
30564
30680
30792
30908
31024
31140
31252
31368
31480
31596
31712
31824
31940
32056
32168
32284
32400
32512
32628
32740
32856
32972
33084
33200
33316
33428
33544
33656
33772
33888
34000
34112
34228
34344
34460
34572
34688
34800
34916
35032
35144
35256
35372
35484
35600
35712
35824
35940
36052
36168
36280
36396
36512
36624
36740
36852
36968
37080
37196
37312
37424
37536
37652
37764
37880
37996
38108
38224
38340
38452
38568
38680
38796
38908
39024
39136
39252
39364
39480
39592
39708
39824
39940
40052
40168
40280
40396
40508
40624
40736
40852
40968
41032
41080
41196
41308
41424
41540
41652
41768
41880
41996
42112
42228
42340
42456
42572
42684
42800
42916
43028
43144
43260
43372
43488
43600
43716
43832
43944
44060
44176
44288
44404
44520
44632
44748
44860
44976
45088
45204
45316
45432
45544
45660
45772
45888
46000
46116
46228
46344
46460
46572
46688
46800
46912
47028
47140
47256
47368
47484
47600
47712
47824
47940
48056
48168
48284
48396
48512
48628
48740
48856
48968
49084
49196
49308
49424
49536
49652
49764
49880
49992
50108
50220
50336
50448
50564
50680
50792
50904
51020
51132
51248
51364
51480
51592
51708
51820
51936
52048
52164
52276
52392
52508
52620
52736
52852
52964
53080
53196
53308
53424
53536
53652
53768
53880
53996
54108
54224
54340
54452
54568
54684
54796
54912
55024
55140
55252
55368
55484
55596
55712
55828
55940
56056
56168
56280
56396
56512
56624
56740
56852
56968
57080
57196
57312
57424
57540
57652
57768
57884
57996
58108
58224
58336
58448
58564
58676
58792
58904
59020
59132
59248
59360
59476
59588
59704
59816
59932
60044
60160
60272
60388
60500
60612
60728
60840
60956
61072
61184
61296
61412
61528
61640
61756
61868
61984
62100
62212
62324
62440
62552
62668
62784
62896
63012
63124
63236
63352
63464
63580
63696
63808
63904
63924
64036
64152
64268
64380
64496
64608
64724
64840
64952
65068
65184
65296
65412
65528
104
220
336
448
564
676
792
908
1020
1136
1248
1364
1476
1592
1708
1820
1936
2048
2164
2276
2392
2504
2620
2732
2844
2960
3072
3188
3300
3416
3528
3644
3760
3872
3988
4104
4212
4328
4440
4556
4668
4784
4896
5012
5128
5240
5352
5468
5580
5696
5808
5924
6036
6152
6264
6376
6492
6604
6720
6832
6948
7060
7176
7288
7400
7516
7628
7744
7860
7972
8084
8200
8312
8428
8544
8656
8772
8884
9000
9112
9228
9340
9456
9568
9684
9796
9912
10028
10140
10256
10368
10484
10596
10712
10828
10940
11056
11168
11284
11400
11512
11628
11740
11856
11968
12084
12196
12312
12428
12540
12656
12768
12884
12996
13112
13228
13340
13452
13568
13684
13796
13912
14024
14140
14252
14368
14480
14596
14708
14824
14936
15052
15168
15280
15392
15504
15620
15732
15844
15960
16072
16188
16300
16412
16528
16640
16756
16868
16984
17096
17212
17324
17440
17552
17668
17780
17892
18008
18124
18236
18352
18464
18576
18692
18808
18920
19032
19148
19260
19376
19488
19604
19716
19832
19948
20060
20176
20288
20400
20516
20628
20744
20856
20972
21084
21200
21316
21428
21544
21656
21772
21888
22000
22116
22228
22344
22456
22572
22688
22800
22916
23028
23144
23256
23372
23488
23604
23716
23832
23944
24060
24172
24288
24400
24516
24628
24744
24856
24972
25084
25196
25312
25428
25540
25652
25768
25880
25996
26108
26224
26336
26452
26568
26680
26792
26908
27020
27132
27248
27360
27472
27588
27704
27816
27928
28044
28160
28272
28384
28500
28616
28728
28844
28956
29068
29184
29296
29408
29524
29636
29752
29864
29976
30092
30204
30320
30432
30548
30660
30776
30888
31004
31116
31228
31344
31460
31572
31688
31800
31916
32028
32144
32256
32372
32484
32600
32712
32828
32940
33056
33168
33284
33400
33512
33628
33740
33856
33968
34084
34200
34312
34428
34540
34656
34768
34884
34996
35112
35224
35340
35452
35568
35680
35796
35912
36024
36140
36252
36364
36480
36592
36708
36820
36936
37048
37164
37280
37392
37508
37620
37736
37848
37964
38076
38188
38300
38416
38528
38640
38756
38868
38984
39096
39208
39324
39436
39552
39664
39776
39892
40004
40120
40232
40348
40460
40576
40688
40800
40916
41032
41144
41256
41372
41484
41600
41712
41828
41940
42056
42168
42284
42396
42508
42624
42736
42852
42968
43080
43192
43304
43420
43532
43648
43760
43876
43988
44104
44220
44332
44448
44560
44676
44788
44904
45020
45132
45248
45360
45476
45592
45704
45820
45932
46048
46160
46276
46388
46504
46616
46732
46848
46960
47072
47188
47304
47416
47532
47644
47756
47872
47984
48096
48212
48324
48436
48552
48664
48780
48892
49008
49120
49236
49348
49464
49576
49688
49804
49916
50032
50144
50256
50372
50484
50600
50712
50828
50940
51056
51168
51280
51396
51508
51624
51736
51848
51964
52076
52188
52304
52416
52528
52644
52756
52872
52984
53096
53212
53324
53440
53552
53668
53780
53896
54008
54124
54236
54352
54464
54576
54692
54804
54920
55032
55148
55260
55340
55348
55376
55488
55604
55716
55832
55944
56060
56172
56288
56400
56516
56628
56744
56856
56972
57084
57200
57312
57428
57544
57656
57768
57884
58000
58112
58228
58340
58452
58568
58684
58796
58912
59024
59136
59252
59368
59480
59592
59708
59820
59936
60048
60164
60276
60392
60504
60616
60732
60844
60956
61072
61184
61296
61408
61524
61636
61748
61864
61976
62092
62204
62320
62432
62544
62660
62772
62888
63000
63116
63228
63340
63456
63568
63680
63796
63908
64024
64136
64252
64364
64476
64592
64704
64820
64932
65044
65160
65272
65384
65500
80
192
304
420
532
644
760
872
988
1100
1216
1328
1444
1556
1672
1784
1900
2012
2128
2240
2356
2468
2584
2700
2812
2924
3040
3156
3268
3380
3496
3608
3724
3836
3952
4064
4180
4292
4408
4520
4636
4748
4864
4976
5088
5200
5316
5428
5544
5656
5768
5884
5996
6112
6224
6340
6452
6568
6680
6792
6904
7020
7132
7244
7360
7472
7584
7700
7812
7928
8040
8156
8268
8380
8496
8608
8724
8836
8948
9064
9176
9288
9400
9516
9628
9740
9856
9968
10080
10196
10308
10424
10536
10652
10764
10880
10992
11104
11220
11332
11448
11560
11676
11788
11900
12012
12128
12240
12356
12468
12556
12584
12696
12812
12924
13040
13152
13268
13380
13496
13608
13724
13836
13952
14064
14180
14292
14404
14520
14632
14748
14864
14976
15088
15204
15320
15432
15544
15660
15772
15888
16000
16116
16228
16340
16456
16568
16684
16796
16908
17024
17136
17252
17364
17480
17592
17704
17820
17932
18044
18160
18272
18384
18496
18608
18724
18836
18948
19064
19176
19292
19404
19520
19632
19744
19860
19972
20088
20200
20312
20428
20540
20652
20768
20880
20996
21108
21220
21332
21448
21560
21676
21788
21900
22016
22128
22240
22356
22468
22580
22696
22812
22924
23036
23152
23264
23376
23492
23604
23720
23836
23948
24060
24176
24288
24404
24516
24632
24744
24860
24972
25088
25200
25312
25428
25544
25656
25772
25884
25996
26112
26224
26340
26452
26568
26680
26796
26908
27024
27136
27252
27364
27476
27592
27704
27816
27932
28044
28160
28272
28384
28500
28612
28728
28840
28956
29068
29180
29296
29408
29520
29636
29748
29860
29972
30088
30200
30312
30428
30540
30652
30768
30880
30992
31108
31220
31336
31448
31560
31676
31788
31900
32012
32128
32240
32356
32468
32580
32696
32808
32924
33036
33148
33264
33376
33492
33604
33716
33828
33944
34056
34172
34284
34400
34512
34624
34736
34852
34964
35080
35192
35308
35420
35536
35648
35764
35876
35988
36104
36216
36332
36444
36560
36672
36788
36900
37016
37128
37244
37356
37472
37584
37700
37812
37928
38040
38152
38268
38380
38496
38608
38724
38836
38948
39064
39176
39288
39404
39516
39628
39740
39856
39968
40084
40196
40312
40424
40536
40652
40764
40876
40988
41104
41216
41328
41440
41556
41668
41780
41896
42008
42124
42236
42348
42464
42576
42692
42804
42920
43032
43144
43256
43368
43484
43596
43708
43824
43936
44048
44164
44276
44388
44504
44616
44732
44844
44956
45068
45184
45296
45412
45524
45640
45752
45864
45976
46092
46204
46320
46432
46548
46660
46776
46888
47004
47116
47228
47344
47456
47572
47684
47800
47912
48028
48140
48256
48368
48480
48596
48708
48824
48940
49052
49164
49280
49392
49504
49620
49732
49848
49960
50076
50188
50300
50412
50528
50640
50752
50868
50980
51092
51208
51320
51436
51548
51664
51776
51892
52004
52116
52232
52344
52456
52568
52680
52796
52908
53024
53136
53248
53360
53476
53588
53700
53816
53928
54044
54156
54268
54384
54496
54608
54720
54832
54948
55060
55172
55288
55400
55516
55628
55740
55856
55968
56084
56196
56308
56424
56536
56648
56764
56880
56992
57104
57216
57328
57444
57556
57672
57784
57896
57992
58000
58012
58124
58240
58352
58468
58580
58696
58808
58920
59036
59148
59264
59376
59492
59604
59720
59832
59948
60060
60176
60288
60400
60516
60632
60744
60856
60972
61084
61200
61312
61428
61540
61652
61764
61880
61992
62104
62220
62332
62444
62556
62672
62784
62900
63012
63124
63240
63352
63464
63580
63692
63804
63916
64028
64144
64256
64368
64484
64596
64708
64824
64936
65052
65164
65276
65392
65504
80
196
308
420
532
648
760
872
988
1100
1212
1324
1440
1552
1664
1780
1892
2004
2120
2232
2344
2456
2572
2688
2800
2912
3024
3140
3252
3364
3480
3592
3708
3780
3792
3820
3936
4048
4160
4276
4388
4504
4616
4728
4844
4956
5072
5184
5300
5412
5524
5640
5752
5864
5980
6092
6208
6320
6432
6548
6660
6776
6888
7000
7116
7228
7344
7456
7568
7680
7796
7908
8024
8136
8248
8364
8476
8592
8704
8816
8932
9044
9156
9272
9384
9496
9608
9720
9832
9948
10060
10172
10284
10400
10512
10624
10740
10852
10964
11080
11192
11304
11420
11532
11644
11756
11868
11984
12096
12212
12324
12436
12548
12664
12776
12892
13004
13116
13232
13344
13456
13568
13684
13796
13912
14024
14136
14252
14364
14476
14588
14704
14816
14932
15044
15132
15144
15156
15272
15384
15500
15612
15724
15840
15952
16068
16180
16296
16408
16520
16636
16752
16864
16976
17092
17204
17320
17432
17548
17660
17772
17888
18000
18116
18228
18340
18456
18568
18684
18796
18908
19020
19136
19248
19360
19472
19588
19700
19812
19928
20040
20152
20268
20380
20496
20608
20720
20832
20944
21060
21172
21284
21396
21512
21624
21736
21852
21964
22080
22192
22304
22416
22536
22644
22760
22872
22984
23096
23208
23324
23436
23548
23660
23776
23888
24000
24112
24228
24340
24452
24568
24680
24792
24908
25020
25132
25248
25360
25476
25588
25700
25812
25928
26040
26156
26268
26380
26460
26472
26496
26608
26724
26836
26948
27064
27176
27292
27404
27516
27632
27744
27860
27972
28084
28200
28312
28424
28540
28652
28768
28880
28992
29108
29220
29332
29448
29560
29676
29788
29900
30016
30128
30240
30356
30468
30580
30696
30808
30920
31036
31148
31264
31376
31488
31600
31716
31828
31940
32056
32168
32280
32392
32504
32616
32732
32844
32956
33068
33184
33296
33408
33520
33636
33748
33860
33976
34088
34200
34312
34428
34540
34652
34768
34880
34992
35108
35220
35332
35448
35560
35672
35788
35900
36012
36124
36240
36352
36464
36580
36692
36804
36920
37032
37144
37256
37372
37484
37596
37712
37820
37832
37936
38052
38164
38280
38392
38508
38620
38732
38848
38960
39076
39188
39304
39416
39528
39644
39756
39868
39984
40096
40212
40324
40436
40552
40664
40780
40892
41004
41120
41232
41348
41460
41572
41684
41796
41908
42024
42136
42248
42360
42476
42588
42704
42816
42928
43040
43156
43268
43380
43492
43604
43720
43832
43944
44056
44172
44284
44396
44512
44624
44736
44852
44964
45076
45192
45304
45416
45528
45640
45756
45868
45980
46092
46208
46320
46432
46544
46656
46772
46884
46996
47112
47224
47336
47448
47564
47676
47788
47904
48016
48128
48244
48356
48468
48580
48692
48808
48920
49032
49148
49260
49376
49488
49600
49716
49828
49940
50056
50168
50280
50396
50508
50624
50736
50848
50960
51076
51188
51304
51416
51528
51644
51756
51868
51984
52096
52208
52324
52436
52548
52664
52776
52888
53004
53116
53228
53340
53456
53568
53680
53796
53908
54020
54136
54248
54360
54472
54588
54700
54812
54924
55036
55148
55260
55372
55484
55600
55712
55824
55940
56052
56164
56276
56388
56504
56616
56732
56844
56956
57068
57180
57296
57408
57520
57632
57748
57860
57972
58084
58196
58312
58424
58536
58652
58764
58876
58988
59100
59216
59332
59444
59556
59668
59780
59892
60008
60120
60232
60348
60416
60460
60572
60688
60800
60916
61028
61140
61256
61368
61480
61596
61708
61820
61936
62048
62160
62276
62388
62500
62616
62728
62844
62956
63068
63184
63296
63408
63524
63636
63748
63864
63976
64088
64200
64312
64424
64540
64652
64764
64876
64992
65104
65216
65332
65444
20
136
248
360
472
584
696
812
924
1036
1148
1260
1376
1488
1600
1712
1828
1940
2056
2168
2280
2392
2504
2616
2728
2844
2956
3068
3180
3292
3408
3520
3632
3744
3856
3972
4084
4196
4312
4424
4536
4648
4760
4876
4988
5104
5216
5328
5440
5552
5664
5780
5892
6004
6120
6224
6236
6344
6460
6572
6684
6796
6912
7024
7140
7252
7364
7476
7592
7704
7816
7932
8044
8156
8272
8384
8496
8612
8724
8836
8952
9064
9176
9288
9404
9516
9628
9744
9856
9968
10080
10192
10308
10420
10532
10644
10760
10872
10984
11100
11212
11324
11436
11552
11664
11776
11888
12000
12112
12224
12336
12448
12560
12676
12788
12900
13012
13124
13240
13352
13464
13576
13692
13804
13916
14028
14140
14256
14368
14480
14592
14708
14820
14932
15044
15160
15272
15384
15496
15608
15724
15836
15948
16060
16172
16288
16400
16512
16624
16736
16848
16964
17076
17188
17304
17416
17528
17644
17756
17868
17984
18096
18208
18324
18440
18548
18664
18776
18888
19004
19116
19228
19344
19456
19568
19684
19796
19908
20020
20136
20248
20360
20472
20588
20700
20812
20928
21040
21152
21264
21376
21488
21600
21716
21828
21940
22052
22168
22280
22392
22508
22620
22732
22848
22960
23072
23184
23296
23408
23520
23632
23744
23860
23972
24084
24196
24308
24424
24536
24648
24760
24872
24988
25100
25212
25324
25436
25548
25660
25772
25888
26000
26112
26224
26336
26448
26564
26676
26788
26904
27016
27128
27240
27352
27468
27580
27692
27808
27920
28032
28144
28256
28368
28484
28596
28708
28776
28820
28936
29048
29160
29272
29388
29500
29612
29728
29840
29952
30064
30180
30292
30404
30520
30632
30744
30856
30972
31084
31200
31312
31424
31536
31652
31764
31876
31992
32104
32216
32328
32444
32556
32668
32780
32892
33008
33120
33232
33344
33456
33568
33684
33800
33908
34020
34136
34248
34360
34472
34584
34696
34808
34920
35032
35148
35260
35372
35484
35596
35712
35824
35936
36048
36160
36276
36388
36500
36612
36724
36836
36952
37064
37176
37288
37400
37512
37624
37740
37852
37964
38076
38188
38304
38416
38528
38640
38752
38868
0
