19300
19384
19516
19652
19788
19920
20056
20188
20324
20460
20596
20728
20860
20996
21128
21264
21396
21532
21668
21804
21936
22072
22204
22340
22476
22608
22744
22876
23012
23148
23280
23416
23548
23680
23816
23952
24088
24220
24356
24488
24624
24760
24896
25028
25164
25296
25432
25568
25700
25836
25968
26104
26240
26376
26508
26644
26776
26912
27048
27184
27316
27452
27584
27720
27856
27988
28124
28260
28396
28532
28664
28800
28936
29068
29204
29340
29476
29612
29744
29880
30016
30152
30284
30420
30556
30688
30824
30960
31092
31228
31364
31500
31632
31768
31900
32036
32172
32304
32440
32576
32708
32844
32976
33112
33248
33380
33516
33648
33784
33920
34052
34188
34320
34456
34588
34724
34856
34992
35128
35264
35396
35532
35668
35800
35936
36072
36204
36340
36472
36608
36744
36876
37012
37144
37280
37412
37548
37684
37816
37952
38084
38220
38356
38488
38624
38756
38892
39028
39160
39296
39428
39564
39700
39836
39972
40104
40240
40372
40508
40644
40776
40896
40912
41048
41184
41316
41452
41588
41720
41856
41992
42128
42264
42396
42532
42664
42800
42936
43072
43208
43340
43476
43612
43744
43880
44016
44148
44284
44416
44552
44688
44820
44956
45092
45228
45360
45496
45628
45764
45900
46036
46168
46304
46436
46572
46704
46840
46976
47112
47244
47380
47512
47648
47780
47912
48048
48180
48316
48452
48584
48720
48856
48988
49124
49260
49392
49528
49660
49796
49932
50064
50200
50332
50468
50600
50736
50872
51004
51140
51276
51408
51544
51680
51812
51948
52080
52216
52352
52484
52620
52752
52888
53024
53160
53292
53428
53564
53696
53832
53968
54100
54236
54372
54504
54640
54776
54908
55044
55180
55316
55448
55584
55720
55852
55988
56124
56260
56396
56528
56664
56800
56932
57068
57204
57336
57472
57608
57740
57876
58012
58144
58280
58416
58548
58684
58820
58952
59088
59224
59356
59492
59628
59760
59896
60028
60164
60300
60432
60568
60700
60836
60972
61104
61236
61372
61504
61640
61772
61908
62044
62180
62312
62448
62580
62716
62852
62984
63120
63256
63388
63524
63660
63792
63924
64060
64196
64328
64464
64600
64732
64868
65000
65136
65268
65404
4
136
272
404
540
672
808
944
1080
1216
1348
1484
1616
1752
1888
2024
2156
2292
2428
2560
2696
2832
2964
3100
3236
3372
3508
3640
3776
3908
4044
4180
4316
4448
4584
4720
4852
4988
5128
5256
5392
5528
5660
5796
5932
6064
6200
6336
6468
6604
6740
6872
7008
7140
7276
7412
7548
7680
7816
7952
8084
8220
8356
8488
8624
8760
8892
9024
9160
9292
9428
9560
9696
9828
9964
10100
10232
10368
10504
10636
10772
10904
11040
11176
11308
11444
11576
11712
11844
11980
12112
12248
12384
12516
12652
12788
12920
13056
13192
13324
13460
13596
13728
13864
13996
14132
14264
14400
14536
14672
14804
14940
15072
15208
15344
15480
15612
15748
15884
16016
16152
16288
16420
16556
16692
16828
16960
17096
17232
17368
17500
17636
17772
17908
18044
18176
18312
18448
18584
18716
18852
18988
19120
19256
19388
19524
19660
19796
19928
20064
20196
20332
20468
20600
20736
20872
21004
21140
21276
21408
21544
21676
21812
21944
22080
22216
22348
22484
22616
22752
22884
23020
23156
23288
23424
23560
23692
23828
23964
24100
24232
24368
24500
24636
24772
24904
25040
25172
25308
25440
25576
25712
25844
25980
26116
26248
26384
26516
26652
26788
26920
27056
27188
27324
27456
27592
27728
27864
28000
28132
28268
28404
28536
28672
28808
28940
29076
29200
29212
29344
29480
29616
29748
29884
30020
30156
30292
30424
30560
30696
30828
30964
31100
31236
31372
31504
31640
31776
31908
32044
32180
32312
32448
32584
32716
32852
32988
33120
33256
33392
33528
33660
33800
33928
34064
34200
34336
34468
34604
34736
34872
35008
35140
35276
35408
35544
35680
35812
35948
36080
36216
36348
36484
36616
36752
36888
37024
37156
37292
37424
37560
37696
37828
37964
38100
38232
38368
38504
38636
38768
38904
39040
39176
39308
39444
39580
39712
39848
39984
40116
40252
40384
40520
40656
40788
40924
41056
41192
41328
41464
41600
41732
41868
42000
42136
42272
42408
42544
42676
42812
42944
43080
43216
43352
43484
43620
43756
43892
44028
44160
44296
44432
44568
44704
44836
44972
45108
45244
45380
45512
45648
45780
45916
46052
46188
46320
46456
46592
46728
46860
46996
47132
47264
47400
47536
47672
47804
47940
48072
48208
48344
48480
48612
48748
48880
49016
49152
49284
49420
49552
49684
49820
49956
50092
50224
50360
50496
50628
50764
50900
51036
51168
51304
51436
51572
51708
51844
51976
52112
52244
52380
52512
52648
52784
52920
53052
53188
53324
53456
53592
53724
53860
53996
54128
54264
54400
54532
54668
54804
54940
55072
55208
55344
55476
55612
55748
55884
56016
56144
56152
56288
56424
56560
56692
56828
56964
57100
57232
57368
57504
57640
57772
57908
58044
58180
58316
58448
58584
58720
58856
58988
59124
59260
59392
59528
59664
59796
59932
60068
60204
60336
60472
60608
60740
60876
61012
61148
61280
61416
61548
61684
61820
61956
62088
62224
62360
62492
62628
62764
62896
63032
63164
63300
63432
63568
63704
63836
63972
64108
64240
64376
64512
64648
64780
64916
65052
65184
65320
65456
52
188
320
456
592
724
860
996
1128
1264
1400
1532
1668
1804
1940
2072
2208
2340
2476
2612
2748
2884
3020
3152
3288
3420
3556
3692
3828
3960
4064
4096
4232
4364
4500
4636
4772
4904
5040
5176
5312
5448
5580
5716
5852
5988
6124
6260
6392
6528
6664
6800
6936
7068
7204
7340
7472
7608
7744
7876
8012
8148
8284
8420
8552
8688
8824
8956
9092
9228
9364
9496
9632
9764
9900
10036
10168
10304
10440
10572
10708
10844
10976
11108
11244
11380
11512
11648
11784
11920
12052
12188
12324
12460
12592
12728
12860
12996
13132
13268
13400
13536
13668
13804
13936
14072
14208
14344
14476
14612
14744
14880
15016
15148
15284
15420
15552
15688
15820
15956
16092
16228
16364
16496
16632
16768
16900
17036
17172
17308
17444
17576
17712
17848
17984
18116
18252
18388
18524
18660
18792
18928
19064
19200
19332
19468
19604
19740
19876
20008
20144
20280
20416
20548
20684
20820
20952
21088
21224
21356
21492
21628
21764
21900
22032
22168
22304
22436
22572
22708
22844
22976
23112
23248
23380
23516
23652
23784
23920
24056
24188
24324
24456
24592
24724
24860
24996
25128
25264
25400
25536
25668
25804
25940
26072
26208
26340
26476
26612
26748
26880
27016
27148
27280
27416
27552
27688
27824
27956
28092
28228
28360
28496
28632
28764
28900
29036
29168
29304
29440
29572
29708
29844
29980
30112
30248
30384
30516
30652
30788
30920
31056
31192
31328
31464
31596
31732
31868
32004
32136
32272
32408
32544
32676
32812
32948
33084
33220
33356
33488
33624
33760
33896
34028
34164
34300
34432
34568
34704
34836
34972
35108
35240
35376
35512
35648
35780
35916
36052
36188
36320
36456
36588
36724
36860
36996
37128
37264
37396
37532
37668
37800
37936
38068
38204
38336
38472
38608
38740
38876
39012
39144
39280
39416
39548
39684
39820
39956
40088
40224
40360
40492
40628
40760
40896
41032
41164
41300
41436
41568
41704
41840
41972
42108
42244
42376
42512
42644
42780
42912
43048
43184
43320
43456
43592
43724
43860
43996
44128
44264
44400
44536
44668
44804
44940
45072
45208
45344
45480
45616
45748
45884
46020
46156
46288
46424
46560
46696
46832
46968
47100
47236
47372
47504
47640
47776
47908
48044
48180
48312
48448
48584
48720
48852
48988
49124
49256
49392
49528
49660
49796
49928
50064
50200
50336
50468
50604
50740
50872
51008
51144
51276
51412
51544
51680
51812
51948
52084
52216
52352
52488
52620
52756
52892
53024
53160
53292
53428
53564
53700
53832
53968
54100
54232
54368
54504
54640
54776
54908
55044
55180
55312
55448
55584
55716
55852
55988
56120
56256
56388
56524
56660
56796
56932
57064
57200
57332
57468
57604
57736
57872
58008
58144
58276
58412
58548
58684
58816
58952
59088
59224
59356
59492
59628
59764
59900
60036
60168
60304
60440
60572
60712
60844
60980
61116
61248
61384
61520
61652
61788
61924
62060
62192
62328
62464
62596
62732
62868
63000
63136
63272
63404
63540
63676
63808
63944
64080
64212
64348
64484
64616
64752
64884
65016
65152
65288
65420
20
156
292
424
560
696
832
964
1100
1232
1368
1504
1640
1772
1908
2040
2176
2308
2444
2580
2712
2848
2984
3120
3252
3388
3520
3656
3792
3924
4060
4192
4328
4460
4600
4736
4868
5004
5136
5272
5408
5544
5676
5812
5948
6080
6216
6352
6488
6620
6756
6892
7028
7164
7296
7432
7568
7700
7836
7972
8108
8244
8380
8512
8648
8784
8916
9052
9188
9320
9456
9592
9724
9860
9996
10132
10268
10400
10536
10668
10804
10940
11076
11208
11344
11476
11612
11748
11884
12016
12152
12284
12420
12556
12688
12824
12956
13092
13224
13360
13492
13628
13764
13900
14032
14168
14304
14436
14572
14704
14840
14976
15112
15244
15380
15512
15648
15780
15916
16052
16188
16324
16456
16592
16728
16860
16996
17132
17264
17400
17532
17668
17804
17936
18076
18208
18344
18480
18612
18748
18880
19016
19152
19288
19396
19408
19420
19556
19692
19828
19960
20096
20232
20368
20500
20636
20772
20908
21044
21176
21312
21448
21584
21720
21852
21988
22124
22260
22392
22528
22664
22796
22932
23068
23200
23336
23472
23608
23744
23876
24012
24144
24280
24416
24552
24684
24820
24952
25088
25224
25356
25492
25624
25760
25896
26032
26164
26296
26432
26564
26700
26836
26968
27104
27240
27372
27508
27644
27780
27912
28048
28180
28316
28452
28588
28720
28856
28988
29124
29256
29392
29528
29664
29796
29932
30068
30200
30336
30468
30604
30740
30872
31008
31140
31276
31412
31548
31684
31816
31952
32088
32220
32356
32492
32628
32760
32896
33032
33164
33300
33436
33572
33704
33840
33976
34112
34248
34380
34516
34652
34788
34920
35056
35192
35328
35460
35596
35732
35864
36000
36136
36268
36404
36540
36672
36808
36944
37080
37216
37348
37484
37616
37752
37888
38024
38156
38292
38428
38560
38696
38832
38964
39100
39236
39372
39504
39640
39772
39904
40040
40172
40308
40444
40576
40712
40848
40980
41116
41252
41384
41520
41656
41788
41924
42060
42192
42324
42460
42592
42728
42864
43000
43132
43268
43404
43536
43672
43808
43944
44076
44212
44348
44480
44616
44748
44884
45020
45156
45288
45424
45560
45692
45828
45964
46096
46232
46368
46500
46636
46772
46908
47040
47176
47312
47448
47584
47716
47852
47988
48124
48260
48396
48528
48664
48800
48936
49072
49204
49340
49472
49608
49744
49880
50012
50148
50284
50420
50552
50688
50824
50956
51092
51228
51360
51496
51632
51764
51900
52032
52168
52304
52440
52572
52708
52840
52976
53112
53244
53376
53512
53648
53784
53916
54052
54188
54320
54456
54592
54728
54860
54996
55132
55264
55400
55536
55668
55804
55936
56072
56204
56340
56476
56612
56744
56880
57016
57148
57284
57416
57552
57688
57824
57956
58092
58224
58360
58496
58632
58768
58900
59036
59168
59304
59440
59576
59712
59844
59980
60116
60252
60384
60520
60656
60792
60924
61060
61196
61332
61464
61600
61736
61872
62008
62140
62276
62412
62548
62680
62816
62952
63088
63220
63356
63492
63624
63760
63896
64032
64164
64300
64436
64568
64704
64840
64976
65108
65244
65376
65512
112
248
380
516
652
784
920
1052
1188
1320
1456
1592
1724
1860
1992
2128
2264
2400
2532
2668
2804
2936
3072
3208
3340
3476
3612
3744
3880
4012
4148
4284
4416
4552
4688
4820
4956
5092
5224
5360
5496
5628
5764
5900
6032
6168
6304
6440
6576
6708
6844
6976
7112
7248
7384
7516
7652
7788
7924
8056
8192
8328
8464
8596
8732
8868
9004
9140
9272
9408
9544
9680
9816
9948
10084
10220
10356
10492
10628
10760
10896
11032
11164
11300
11436
11568
11704
11840
11976
12112
12244
12380
12516
12648
12784
12920
13056
13188
13324
13460
13592
13728
13864
13996
14132
14268
14400
14536
14668
14800
14936
15072
15208
15340
15476
15612
15744
15880
16016
16152
16284
16420
16556
16688
16824
16960
17096
17228
17364
17496
17632
17764
17900
18036
18172
18304
18440
18576
18708
18844
18976
19112
19248
19380
19516
19652
19784
19920
20056
20192
20324
20460
20596
20728
20864
21000
21136
21248
21272
21404
21540
21676
21812
21948
22080
22216
22352
22488
22620
22756
22892
23028
23164
23300
23432
23568
23704
23836
23972
24108
24244
24376
24512
24648
24780
24916
25052
25188
25320
25456
25592
25728
25860
25996
26132
26268
26400
26536
26668
26804
26940
27076
27208
27344
27480
27616
27748
27884
28016
28152
28284
28420
28552
28688
28824
28956
29096
29228
29360
29496
29632
29768
29900
30036
30172
30304
30440
30576
30708
30844
30976
31112
31248
31384
31516
31652
31788
31920
32056
32192
32328
32460
32596
32732
32864
33000
33132
33268
33404
33540
33676
33808
33944
34080
34212
34348
34484
34620
34728
34752
34888
35024
35160
35292
35428
35564
35700
35836
35972
36104
36240
36376
36512
36648
36784
36920
37052
37188
37324
37460
37596
37728
37864
38000
38132
38268
38404
38536
38672
38808
38944
39080
39212
39348
39484
39616
39752
39888
40024
40156
40292
40428
40560
40696
40828
40968
41100
41236
41368
41504
41636
41772
41904
42040
42176
42308
42444
42580
42716
42848
42984
43120
43256
43388
43524
43660
43796
43928
44064
44196
44332
44464
44600
44736
44872
45004
45140
45272
45408
45544
45676
45812
45948
46080
46216
46352
46484
46620
46756
46892
47028
47160
47296
47432
47564
47700
47836
47972
48108
48240
48376
48512
48648
48780
48916
49052
49188
49324
49460
49592
49728
49860
49996
50132
50268
50404
50540
50672
50808
50944
51080
51212
51348
51484
51616
51752
51888
52020
52156
52292
52428
52564
52696
52832
52968
53100
53236
53372
53508
53640
53776
53912
54044
54180
54316
54448
54584
54720
54856
54988
55120
55256
55392
55524
55660
55792
55928
56064
56200
56332
56468
56604
56736
56872
57008
57140
57276
57412
57544
57680
57812
57948
58080
58216
58352
58488
58624
58756
58892
59028
59160
59296
59432
59564
59700
59836
59968
60104
60240
60376
60512
60644
60780
60912
61048
61184
61320
61452
61588
61724
61860
61992
62128
62264
62400
62532
62668
62804
62940
63076
63212
63344
63480
63616
63752
63888
64024
64160
64292
64428
64564
64700
64832
64968
65104
65236
65372
65508
108
244
376
512
648
780
916
1052
1188
1324
1456
1592
1724
1860
1996
2132
2268
2400
2536
2668
2804
2940
3072
3204
3340
3476
3612
3744
3880
4016
4148
4284
4420
4556
4688
4824
4960
5092
5228
5364
5500
5632
5768
5900
6036
6172
6308
6440
6576
6708
6844
6980
7112
7248
7384
7516
7652
7788
7920
8056
8192
8328
8464
8596
8732
8868
9000
9136
9272
9408
9544
9676
9812
9948
10084
10220
10352
10488
10624
10760
10896
11028
11164
11300
11436
11572
11708
11840
11976
12112
12248
12384
12516
12652
12788
12924
13056
13192
13328
13460
13596
13732
13868
14004
14136
14272
14404
14540
14676
14812
14948
15080
15216
15348
15484
15620
15756
15888
16024
16160
16296
16428
16564
16696
16832
16964
17100
17236
17372
17508
17640
17776
17908
18044
18180
18312
18448
18584
18720
18852
18988
19120
19256
19388
19524
19660
19796
19932
20064
20200
20336
20468
20604
20740
20876
21008
21144
21280
21412
21548
21680
21820
21956
22088
22224
22360
22492
22628
22764
22900
23032
23168
23304
23440
23576
23708
23844
23980
24116
24252
24384
24520
24656
24792
24924
25064
25196
25332
25468
25608
25740
25876
26008
26144
26280
26416
26548
26684
26820
26956
27088
0
