19300
19312
19388
19464
19540
19612
19688
19764
19840
19916
19992
20064
20140
20216
20292
20368
20444
20520
20596
20668
20744
20820
20896
20972
21048
21124
21196
21272
21348
21424
21500
21576
21652
21728
21804
21880
21956
22032
22108
22184
22260
22336
22396
22408
22484
22560
22636
22712
22788
22864
22940
23016
23092
23168
23244
23320
23396
23472
23548
23620
23700
23772
23848
23924
24000
24076
24152
24228
24304
24380
24456
24532
24608
24684
24760
24836
24912
24988
25060
25136
25212
25288
25364
25440
25516
25592
25668
25744
25816
25892
25968
26044
26120
26196
26268
26344
26420
26496
26568
26644
26720
26796
26872
26948
27024
27100
27172
27248
27324
27400
27476
27552
27628
27704
27776
27852
27928
28004
28080
28156
28232
28308
28380
28456
28532
28608
28684
28760
28832
28908
28984
29060
29136
29212
29288
29364
29440
29516
29592
29668
29744
29820
29896
29968
29980
30048
30124
30200
30276
30352
30428
30504
30580
30656
30732
30804
30880
30956
31032
31108
31184
31260
31336
31412
31488
31564
31640
31716
31792
31868
31944
32020
32096
32172
32248
32324
32396
32472
32548
32624
32700
32776
32852
32928
33004
33080
33156
33232
33304
33380
33456
33532
33608
33684
33756
33832
33908
33984
34060
34136
34208
34284
34360
34436
34512
34588
34664
34736
34812
34888
34964
35040
35116
35188
35264
35340
35416
35492
35568
35644
35720
35792
35868
35944
36020
36096
36172
36248
36324
36400
36472
36548
36624
36700
36776
36852
36928
37004
37080
37156
37232
37308
37384
37460
37520
37532
37544
37612
37688
37760
37836
37912
37988
38064
38140
38216
38292
38368
38444
38520
38596
38672
38748
38824
38900
38976
39052
39128
39200
39280
39352
39432
39508
39580
39656
39732
39808
39884
39960
40036
40112
40188
40264
40340
40412
40488
40564
40640
40716
40792
40868
40944
41020
41092
41168
41244
41320
41392
41468
41544
41620
41696
41772
41848
41920
41996
42072
42148
42224
42300
42376
42448
42524
42600
42676
42752
42828
42904
42976
43052
43128
43204
43280
43356
43432
43508
43580
43656
43732
43808
43884
43960
44036
44108
44184
44264
44340
44416
44492
44564
44640
44716
44792
44868
44944
45020
45096
45172
45248
45324
45400
45476
45552
45628
45704
45776
45852
45928
46004
46080
46156
46232
46308
46384
46460
46536
46612
46688
46764
46840
46916
46992
47064
47140
47216
47292
47368
47444
47520
47596
47672
47748
47824
47900
47976
48048
48124
48200
48276
48352
48428
48504
48580
48656
48728
48804
48880
48956
49028
49104
49180
49256
49332
49408
49480
49556
49632
49708
49784
49860
49936
50012
50084
50160
50236
50312
50388
50464
50536
50612
50688
50764
50840
50916
50992
51068
51144
51216
51292
51368
51444
51520
51596
51668
51744
51824
51900
51976
52048
52124
52200
52276
52352
52428
52504
52580
52628
52656
52664
52732
52808
52884
52960
53036
53112
53188
53264
53340
53412
53488
53564
53640
53716
53792
53868
53944
54020
54096
54172
54248
54324
54400
54476
54552
54624
54700
54776
54852
54928
55004
55080
55156
55232
55308
55384
55460
55536
55608
55684
55760
55836
55912
55988
56064
56140
56216
56292
56364
56440
56516
56592
56664
56740
56816
56892
56968
57040
57116
57192
57268
57344
57416
57496
57568
57644
57720
57796
57872
57944
58020
58096
58172
58248
58324
58400
58476
58552
58624
58700
58776
58852
58928
59004
59080
59152
59228
59304
59380
59460
59532
59608
59684
59760
59836
59912
59988
60060
60136
60188
60200
60212
60288
60364
60440
60516
60592
60668
60744
60820
60896
60972
61048
61124
61200
61276
61352
61424
61500
61576
61652
61728
61804
61880
61956
62032
62108
62184
62260
62336
62412
62488
62564
62640
62712
62788
62864
62940
63016
63092
63168
63244
63316
63392
63468
63544
63620
63696
63772
63848
63920
63996
64072
64148
64220
64296
64372
64448
64524
64600
64672
64748
64824
64900
64976
65048
65124
65200
65276
65352
65428
65500
40
116
192
268
344
420
492
568
644
720
796
872
948
1024
1096
1172
1248
1324
1400
1476
1552
1628
1704
1780
1856
1932
2004
2080
2156
2208
2216
2232
2308
2384
2460
2536
2612
2688
2764
2840
2916
2988
3064
3140
3216
3292
3368
3444
3520
3596
3672
3748
3824
3900
3976
4048
4124
4200
4276
4352
4432
4504
4580
4656
4732
4808
4884
4960
5032
5108
5184
5260
5336
5412
5488
5564
5636
5712
5788
5864
5940
6012
6088
6164
6240
6312
6388
6464
6540
6616
6692
6768
6840
6916
6992
7068
7144
7220
7292
7368
7444
7520
7596
7668
7744
7820
7896
7972
8048
8124
8200
8272
8348
8424
8500
8576
8648
8724
8800
8876
8952
9028
9104
9180
9256
9332
9408
9484
9560
9632
9708
9784
9860
9936
10012
10088
10164
10240
10316
10392
10468
10540
10616
10692
10768
10844
10920
10996
11072
11148
11224
11300
11376
11448
11524
11600
11676
11752
11828
11904
11980
12056
12132
12208
12280
12356
12432
12508
12584
12660
12736
12812
12888
12960
13040
13112
13188
13264
13340
13416
13488
13564
13640
13712
13788
13864
13940
14016
14088
14164
14240
14316
14392
14468
14540
14616
14692
14768
14844
14916
14992
15068
15144
15220
15292
15368
15444
15520
15596
15672
15748
15820
15896
15972
16048
16124
16200
16272
16348
16424
16500
16576
16652
16728
16804
16880
16956
17032
17104
17180
17256
17300
17308
17332
17408
17484
17560
17636
17712
17788
17864
17940
18012
18088
18164
18240
18316
18392
18468
18544
18620
18696
18772
18848
18920
18996
19072
19148
19224
19300
19376
19452
19528
19604
19680
19752
19828
19904
19980
20056
20132
20208
20280
20356
20432
20508
20584
20660
20736
20808
20884
20960
21004
21036
21112
21184
21260
21336
21412
21484
21560
21636
21712
21788
21860
21936
22012
22088
22160
22236
22312
22388
22464
22536
22612
22688
22764
22840
22916
22988
23064
23140
23216
23292
23368
23444
23516
23592
23668
23744
23820
23892
23968
24044
24124
24196
24272
24348
24424
24500
24576
24652
24724
24800
24876
24952
25028
25104
25180
25256
25332
25408
25484
25556
25632
25708
25784
25860
25936
26012
26088
26164
26240
26316
26392
26468
26544
26620
26692
26768
26844
26920
26996
27072
27148
27224
27300
27376
27452
27524
27600
27676
27752
27828
27904
27980
28052
28128
28204
28280
28356
28432
28508
28580
28656
28732
28808
28880
28956
29032
29108
29184
29256
29332
29408
29484
29560
29636
29708
29784
29860
29936
30012
30088
30160
30236
30312
30388
30464
30540
30612
30688
30764
30840
30916
30992
31068
31140
31216
31292
31368
31444
31520
31596
31672
31752
31824
31900
31972
32048
32124
32200
32276
32352
32404
32428
32504
32580
32652
32728
32804
32880
32956
33032
33108
33184
33260
33336
33412
33488
33564
33636
33712
33788
33864
33940
34016
34092
34168
34244
34320
34396
34472
34548
34624
34696
34772
34848
34924
35000
35076
35152
35228
35304
35376
35452
35528
35604
35680
35756
35828
35904
35980
36056
36132
36204
36280
36356
36432
36508
36580
36656
36732
36808
36884
36960
37036
37108
37184
37260
37336
37412
37484
37560
37636
37712
37784
37860
37936
38012
38088
38164
38240
38312
38388
38464
38540
38616
38692
38764
38840
38920
38992
39068
39144
39220
39296
39372
39448
39520
39596
39672
39748
39824
39900
39976
40052
40128
40204
40280
40352
40428
40504
40580
40656
40732
40808
40884
40960
41036
41112
41184
41260
41336
41412
41488
41564
41640
41716
41792
41868
41944
42016
42092
42168
42244
42320
42396
42472
42548
42624
42696
42772
42848
42924
43000
43076
43152
43228
43300
43376
43452
43528
43604
43680
43752
43828
43904
43976
44052
44128
44204
44280
44352
44428
44504
44580
44656
44728
44804
44880
44956
45032
45104
45180
45256
45332
45404
45480
45556
45632
45708
45784
45860
45936
46008
46088
46160
46236
46312
46384
46460
46536
46612
46688
46764
46840
46916
46992
47064
47140
47216
47292
47368
47444
47484
47492
47520
47596
47672
47744
47820
47896
47972
48048
48124
48200
48276
48352
48428
48504
48580
48652
48728
48804
48880
48956
49032
49108
49184
49260
49336
49412
49488
49560
49636
49712
49788
49864
49940
50016
50092
50164
50240
50316
50392
50468
50544
50620
50692
50768
50844
50920
50996
51072
51144
51220
51296
51368
51444
51520
51596
51672
51744
51820
51896
51972
52048
52124
52196
52272
52348
52424
52496
52572
52648
52724
52800
52872
52948
53024
53100
53176
53252
53324
53400
53476
53552
53628
53700
53776
53852
53928
54004
54080
54156
54232
54308
54380
54456
54532
54608
54684
54760
54836
54908
54984
55060
55136
55212
55288
55364
55440
55512
55588
55664
55740
55816
55892
55968
56044
56120
56196
56272
56348
56420
56496
56572
56648
56724
56800
56876
56952
57028
57104
57180
57256
57332
57404
57480
57556
57632
57708
57780
57856
57932
58008
58084
58160
58232
58308
58384
58460
58536
58612
58684
58760
58836
58908
58984
59060
59136
59212
59284
59360
59436
59512
59588
59664
59736
59812
59888
59964
60036
60112
60188
60264
60336
60412
60488
60564
60640
60716
60792
60864
60940
61016
61092
61164
61240
61316
61392
61468
61540
61616
61692
61768
61844
61920
61996
62072
62148
62220
62300
62372
62448
62524
62600
62676
62752
62828
62904
62976
63052
63128
63204
63280
63356
63432
63508
63584
63656
63732
63808
63884
63960
64036
64112
64188
64264
64336
64412
64488
64564
64640
64716
64792
64868
64944
65020
65092
65168
65244
65320
65396
65472
8
84
160
236
312
388
464
536
612
688
764
836
912
988
1064
1136
1212
1288
1364
1436
1512
1588
1664
1740
1812
1888
1964
2040
2116
2192
2264
2340
2416
2488
2564
2640
2716
2792
2868
2944
3016
3092
3168
3244
3320
3396
3468
3544
3620
3696
3772
3848
3924
4000
4072
4148
4224
4300
4376
4452
4528
4572
4580
4604
4676
4752
4828
4904
4980
5056
5132
5208
5284
5356
5432
5508
5584
5660
5736
5812
5888
5964
6040
6116
6188
6264
6340
6416
6492
6568
6644
6720
6796
6872
6948
7024
7096
7176
7248
7324
7400
7476
7548
7624
7700
7776
7852
7928
8000
8076
8152
8228
8304
8376
8452
8528
8604
8676
8752
8828
8904
8980
9052
9128
9204
9280
9356
9428
9504
9580
9656
9732
9804
9880
9956
10032
10104
10180
10256
10332
10408
10480
10556
10632
10708
10784
10860
10936
11008
11084
11160
11236
11312
11388
11464
11540
11612
11688
11764
11840
11916
11992
12068
12140
12216
12296
12368
12444
12520
12596
12672
12748
12820
12896
12976
13048
13124
13200
13276
13352
13428
13504
13580
13652
13728
13804
13880
13956
14032
14108
14184
14260
14336
14408
14484
14560
14636
14712
14788
14864
14936
15012
15088
15164
15240
15312
15388
15464
15540
15616
15688
15764
15840
15916
15988
16064
16140
16216
16288
16364
16440
16516
16592
16668
16740
16816
16892
16968
17040
17116
17192
17268
17340
17416
17492
17568
17644
17720
17792
17868
17944
18020
18092
18168
18244
18320
18396
18468
18544
18620
18696
18772
18848
18924
19000
19072
19148
19224
19300
19376
19452
19528
19604
19676
19752
19828
19904
19980
20056
20132
20204
20280
20356
20432
20508
20584
20660
20736
20812
20884
20960
21036
21112
21188
21264
21340
21412
21488
21564
21640
21716
21792
21868
21944
22020
22092
22168
22244
22320
22396
22472
22544
22620
22696
22772
22848
22920
22996
23072
23148
23224
23296
23372
23448
23520
23596
23672
23748
23820
23896
23972
24048
24120
24196
24272
24348
24424
24496
24572
24648
24724
24800
24872
24948
25024
25100
25176
25248
25324
25400
25476
25548
25624
25700
25776
25852
25928
26004
26076
26152
26228
26304
26380
26456
26528
26604
26680
26756
26832
26908
26980
27056
27132
27192
27204
27212
27284
27360
27436
27512
27584
27660
27736
27812
27888
27964
28040
28116
28188
28264
28340
28416
28492
28568
28644
28720
28792
28868
28944
29020
29096
29172
29248
29324
29400
29472
29548
29624
29704
29776
29848
29924
30000
30076
30152
30228
30300
30376
30452
30528
30604
30676
30752
30828
30904
30976
31052
31128
31204
31276
31352
31428
31504
31576
31652
31728
31804
31876
31952
32028
32104
32180
32252
32328
32404
32480
32552
32628
32704
32780
32852
32928
33004
33080
33156
33228
33304
33380
33456
33532
33608
33680
33756
33832
33908
33984
34060
34136
34208
34284
34360
34436
34512
34588
34660
34736
34748
34812
34888
34964
35040
35116
35188
35264
35340
35416
35492
35568
35644
35720
35796
35868
35944
36020
36096
36172
36248
36324
36396
36472
36548
36624
36700
36776
36852
36928
37004
37080
37152
37228
37304
37380
37456
37528
37604
37680
37756
37832
37904
37980
38056
38132
38204
38280
38356
38432
38504
38580
38656
38732
38804
38880
38956
39032
39108
39180
39256
39332
39408
39484
39556
39632
39708
39784
39856
39932
40008
40080
40156
40232
40308
40384
40456
40532
40608
40684
40760
40832
40908
40984
41060
41136
41208
41284
41360
41436
41512
41588
41664
41740
41812
41888
41964
42040
42116
42192
42240
42252
42268
42340
42416
42492
42568
42644
42720
42796
42872
42944
43020
43096
43172
43248
43324
43396
43472
43548
43624
43700
43776
43852
43924
44000
44076
44152
44228
44304
44380
44456
44532
44608
44680
44756
44832
44908
44984
45056
45132
45208
45284
45360
45436
45508
45584
45660
45736
45808
45884
45960
46036
46108
46184
46260
46332
46408
46484
46560
46632
46708
46784
46860
46936
47008
47084
47160
47236
47312
47384
47460
47536
47608
47684
47760
47836
47912
47984
48060
48136
48212
48288
48360
48436
48512
48588
48664
48736
48812
48888
48964
49040
49116
49192
49264
49340
49416
49492
49568
49644
49720
49776
49796
49868
49944
50020
50096
50172
50248
50324
50400
50472
50548
50624
50700
50776
50852
50928
51000
51076
51152
51228
51304
51380
51456
51532
51604
51680
51756
51832
51908
51984
52060
52136
52208
52284
52360
52436
52512
52588
52664
52736
52812
52888
52964
53036
53112
53188
53264
53340
53412
53488
53564
53636
53712
53788
53864
53936
54012
54088
54164
54236
54312
54388
54464
54536
54612
54688
54764
54840
54912
54988
55064
55136
55212
55288
55364
55440
55512
55588
55664
55740
55816
55888
55964
56040
56116
56192
56264
56340
56416
56492
56568
56644
56720
56796
56868
56944
57020
57096
57172
57248
57316
57324
57396
57472
57548
57624
57700
57776
57848
57924
58000
58076
58152
58228
58304
58376
58452
58528
58604
58680
58756
58832
58908
58980
59056
59132
59208
59284
59360
59436
59512
59584
59660
59736
59812
59888
59964
60036
60112
60188
60264
60340
60412
60488
60564
60640
60712
60788
60864
60940
61016
61088
61164
61240
61312
61388
61464
61540
61616
61688
61764
61840
61916
61992
62064
62140
62216
62292
62364
62440
62516
62588
62664
62740
62816
62892
62964
63040
63116
63192
63264
63340
63416
63496
63568
63640
63716
63792
63868
63940
64020
64096
64168
64244
64320
64396
64472
64548
64624
64696
64772
64828
64848
64924
65000
65076
65152
65224
65300
65376
65452
65528
68
140
216
292
368
444
520
596
668
744
820
896
972
1048
1124
1196
1272
1348
1424
1500
1576
1652
1728
1800
1876
1952
2028
2104
2176
2252
2328
2404
2480
2552
2628
2704
2780
2856
2928
3004
3080
3152
3228
3304
3376
3452
3528
3604
3676
3752
3828
3904
3980
4052
4128
4204
4280
4356
4428
4504
4580
4652
4728
4804
4880
4956
5032
5104
5180
5256
5332
5404
5480
5556
5632
5704
5780
5856
5932
6008
6084
6160
6232
6308
6384
6460
6536
6612
6688
6760
6836
6912
6988
7064
7140
7216
7292
7364
7440
7516
7592
7668
7744
7820
7896
7968
8044
8120
8200
8272
8348
8424
8496
8572
8648
8724
8800
8876
8952
9028
9100
0
