14824
14908
14964
11628
11712
11792
11872
11956
12040
12120
12204
12284
12368
12448
12532
12612
12696
12776
12860
12940
13024
13104
13188
13268
13352
13432
13516
13596
13676
13756
13840
13920
14004
14084
14168
14252
14332
14416
14496
14580
14660
14744
14824
14908
14964
19300
19364
19444
19528
19608
19692
19772
19852
19936
20020
20100
20184
20264
20348
20392
20404
20412
20428
20512
20592
20676
20756
20840
20920
21004
21088
21168
21252
21332
21416
21496
21576
21660
21740
21824
21904
21988
22068
22112
22152
22232
22316
22396
22480
22560
22644
22724
22808
22888
22972
23052
23132
23216
23296
23380
23444
23456
23464
23544
23624
23708
23788
23868
23952
24036
24116
24200
24280
24364
24444
24528
24608
24692
24772
24856
24920
24928
24940
25020
25104
25184
25264
25348
25428
25512
25592
25672
25756
25836
25920
26000
26084
26168
26248
26332
26412
26496
26576
26660
26740
26824
26868
26880
26888
26904
26912
26988
27068
27152
27236
27316
27400
27484
27564
27648
27728
27812
27892
27972
28056
28136
28220
28304
28384
28468
28548
28632
28712
28796
28876
28956
29040
29124
29204
29288
29368
29452
29532
29616
29696
29780
29860
29940
30024
30104
30188
30268
30352
30436
30516
30600
30680
30764
30844
30928
31008
31092
31172
31256
31336
31420
31500
31580
31640
31652
31664
31744
31828
31908
31992
32072
32152
32236
32316
32400
32480
32564
32644
32728
32808
32892
32972
33056
33136
33220
33300
33384
33464
33548
33628
33712
33792
33876
33956
34040
34120
34204
34288
34368
34452
34532
34616
34696
34780
34860
34944
35024
35076
35088
35100
35108
35188
35272
35352
35436
35516
35600
35684
35768
35848
35928
36012
36092
36176
36256
36340
36424
36504
36588
36668
36752
36800
36812
36820
36832
36916
36996
37076
37160
37244
37324
37408
37488
37572
37652
37736
37816
37900
37980
38060
38144
38224
38304
38388
38472
38552
38636
38716
38800
38880
38964
39044
39128
39208
39292
39376
39456
39536
39620
39700
39784
39824
39844
39856
39868
39948
40028
40112
40192
40276
40356
40436
40520
40604
40684
40764
40848
40932
41012
41092
41176
41256
41340
41420
41504
41584
41668
41748
41832
41912
41992
42076
42160
42240
42324
42404
42488
42572
42652
42736
42816
42900
42980
43064
43144
43228
43284
43296
43304
43316
43392
43472
43556
43636
43720
43804
43884
43968
44048
44132
44212
44296
44376
44460
44540
44624
44704
44788
44868
44952
45012
45024
45036
45116
45196
45280
45360
45444
45524
45608
45692
45772
45856
45936
46020
46100
46184
46264
46344
46428
46508
46592
46632
46672
46756
46836
46920
47000
47084
47164
47248
47328
47412
47492
47576
47656
47736
47820
47900
47984
48036
48048
48056
48068
48148
48228
48312
48392
48476
48556
48640
48720
48804
48884
48968
49052
49132
49212
49296
49380
49460
49544
49624
49708
49788
49872
49952
50032
50116
50196
50280
50360
50444
50524
50604
50688
50772
50852
50936
51016
51100
51180
51264
51348
51428
51484
51496
51508
51516
51592
51676
51756
51840
51920
52004
52088
52168
52252
52332
52416
52496
52580
52660
52740
52824
52908
52988
53072
53152
53164
53196
53236
53256
53316
53400
53480
53564
53644
53728
53808
53892
53972
54056
54136
54220
54300
54384
54464
54544
54628
54708
54792
54872
54956
55040
55120
55204
55284
55368
55448
55532
55612
55696
55776
55860
55940
56024
56104
56184
56268
56276
56348
56432
56512
56596
56676
56756
56840
56920
57004
57084
57168
57248
57332
57412
57496
57576
57660
57744
57824
57904
57988
58068
58152
58236
58316
58396
58480
58560
58644
58724
58808
58892
58972
59056
59136
59220
59300
59384
59464
59548
59628
59712
59792
59876
59956
60040
60120
60204
60288
60368
60452
60536
60616
60696
60780
60860
60944
61028
61108
61192
61272
61356
61436
61520
61600
61680
61764
61848
61928
62012
62092
62176
62256
62340
62420
62500
62584
62664
62748
62828
62912
62992
63076
63156
63240
63320
63404
63484
63568
63648
63732
63812
63896
63976
64060
64140
64224
64304
64388
64448
64460
64472
64552
64632
64712
64796
64876
64960
65040
65124
65208
65288
65372
65452
65532
80
160
244
324
408
488
572
652
736
816
900
980
1060
1144
1228
1308
1392
1472
1556
1640
1720
1804
1884
1968
2048
2132
2212
2296
2336
2348
2360
2372
2380
2460
2540
2624
2704
2788
2868
2952
3036
3116
3200
3280
3364
3444
3524
3608
3692
3772
3856
3936
4020
4104
4184
4264
4348
4428
4512
4592
4676
4756
4840
4920
5004
5084
5168
5248
5332
5412
5492
5576
5656
5740
5820
5904
5988
6068
6152
6232
6312
6396
6476
6560
6640
6724
6804
6888
6968
7052
7124
7136
7216
7296
7376
7460
7540
7624
7708
7788
7872
7952
8036
8116
8200
8280
8364
8444
8528
8608
8616
8692
8772
8856
8936
9020
9100
9180
9264
9344
9428
9508
9592
9672
9756
9836
9920
10004
10084
10168
10248
10332
10412
10496
10556
10572
10580
10660
10740
10824
10904
10988
11072
11152
11236
11316
11400
11480
11564
11644
11728
11808
11892
11972
12056
12140
12220
12296
12308
12384
12464
12548
12628
12712
12792
12876
12956
13040
13120
13204
13284
13368
13448
13532
13612
13696
13776
13860
13940
13980
14024
14104
14188
14268
14352
14432
14516
14596
14680
14760
14844
14924
15008
15088
15172
15252
15336
15416
15496
15580
15660
15744
15824
15904
15988
16068
16152
16232
16316
16396
16480
16560
16644
16724
16808
16888
16972
17052
17136
17216
17300
17380
17464
17544
17628
17708
17792
17872
17956
18040
18120
18204
18284
18368
18448
18532
18612
18696
18776
18860
18940
19024
19104
19188
19272
19352
19436
19520
19600
19680
19764
19844
19928
20008
20092
20176
20256
20340
20420
20464
20472
20484
20496
20508
20584
20668
20748
20828
20912
20992
21076
21156
21240
21320
21404
21484
21568
21648
21732
21812
21892
21976
22060
22140
22180
22224
22304
22388
22468
22552
22632
22716
22796
22880
22964
23044
23124
23208
23288
23372
23452
23520
23532
23540
23616
23700
23780
23860
23944
24024
24108
24188
24272
24352
24436
24516
24600
24680
24764
24844
24928
25008
25092
25172
25252
25336
25416
25500
25580
25664
25744
25828
25912
25992
26076
26156
26240
26320
26404
26484
26568
26648
26732
26812
26896
26960
26972
26984
27060
27144
27224
27308
27388
27472
27552
27636
27720
27800
27880
27964
28044
28128
28208
28292
28372
28456
28536
28620
28664
28672
28684
28700
28784
28868
28948
29028
29112
29196
29276
29360
29440
29524
29604
29688
29768
29852
29932
30012
30096
30176
30260
30340
30424
30504
30588
30668
30752
30832
30916
30996
31080
31160
31244
31324
31404
31488
31568
31652
31732
31744
31816
31896
31980
32060
32144
32224
32308
32388
32472
32552
32636
32716
32800
32880
32964
33048
33128
33212
33292
33376
33456
33540
33620
33700
33784
33864
33948
34028
34112
34192
34276
34356
34440
34520
34604
34684
34768
34848
34932
35012
35096
35156
35164
35180
35260
35344
35424
35508
35588
35672
35756
35836
35920
36000
36080
36164
36244
36328
36408
36492
36576
36656
36740
36820
36876
36888
36896
36908
36984
37064
37148
37228
37312
37392
37476
37556
37640
37720
37804
37884
37968
38048
38132
38212
38296
38376
38460
38524
38540
38624
38704
38788
38868
38952
39036
39116
39200
39280
39364
39444
39524
39608
39688
39772
39852
39892
39904
39912
39936
40016
40100
40180
40260
40344
40424
40504
40588
40668
40752
40832
40916
41000
41080
41160
41244
41324
41408
41492
41572
41656
41736
41816
41900
41980
42064
42144
42228
42308
42392
42472
42556
42640
42720
42804
42884
42968
43048
43132
43212
43296
43376
43388
43460
43540
43624
43704
43788
43872
43952
44040
44116
44200
44280
44364
44444
44528
44608
44692
44772
44856
44936
45020
45096
45104
45184
45264
45348
45428
45512
45592
45676
45756
45840
45920
46004
46088
46168
46248
46328
46412
46492
46576
46656
46740
46820
46904
46988
47068
47152
47232
47316
47396
47480
47560
47644
47724
47808
47888
47968
48052
48096
48104
48116
48128
48136
48216
48296
48380
48460
48544
48624
48704
48788
48868
48952
49032
49116
49196
49280
49360
49444
49524
49608
49688
49772
49852
49936
50016
50100
50184
50260
50344
50428
50508
50592
50676
50756
50840
50920
51004
51084
51168
51248
51332
51412
51496
51576
51660
51740
51824
51904
51988
52068
52152
52236
52316
52396
52480
52560
52644
52724
52808
52888
52972
53056
53136
53220
53260
53272
53296
53308
53384
53464
53544
53628
53712
53792
53876
53956
54040
54120
54204
54284
54368
54448
54532
54612
54692
54776
54856
54940
55020
55104
55184
55268
55348
55432
55512
55596
55676
55760
55840
55920
56004
56084
56168
56248
56316
56324
56336
56412
56496
56576
56656
56740
56820
56904
56988
57068
57152
57232
57316
57396
57480
57560
57644
57724
57808
57892
57972
58052
58136
58216
58300
58380
58460
58544
58624
58708
58788
58872
58952
59036
59116
59200
59280
59364
59448
59528
59612
59692
59776
59856
59940
60020
60104
60184
60268
60352
60432
60516
60596
60680
60760
60840
60924
61004
61088
61172
61252
61336
61416
61488
61496
61508
61580
61664
61744
61824
61908
61988
62072
62152
62236
62320
62400
62484
62564
62644
62728
62808
62892
62972
63056
63136
63220
63304
63384
63468
63548
63632
63712
63796
63876
63960
64040
64120
64204
64284
64368
64448
64512
64528
64540
64612
64692
64776
64856
64940
65020
65100
65184
65264
65348
65428
65512
56
140
220
304
384
468
548
632
712
796
880
960
1040
1124
1204
1288
1368
1452
1532
1616
1696
1780
1860
1944
2024
2108
2192
2272
2356
2420
2436
2520
2600
2684
2764
2848
2928
3012
3096
3176
3260
3340
3424
3504
3588
3668
3752
3832
3916
3996
4080
4132
4144
4156
4164
4244
4324
4408
4488
4568
4652
4736
4816
4900
4980
5060
5144
5224
5308
5388
5472
5552
5636
5716
5800
5880
5964
6044
6128
6208
6292
6376
6456
6540
6620
6700
6784
6864
6948
7028
7112
7192
7200
7276
7356
7436
7520
7600
7684
7764
7848
7928
8012
8092
8172
8256
8336
8420
8500
8584
8664
8748
8828
8912
8992
9076
9156
9236
9320
9404
9484
9568
9648
9732
9816
9896
9980
10060
10144
10224
10308
10388
10472
10552
10600
10612
10624
10632
10644
10716
10800
10880
10964
11044
11128
11212
11292
11376
11456
11536
11620
11700
11784
11864
11948
12032
12112
12196
12276
12336
12360
12440
12524
12604
12688
12768
12852
12932
13016
13096
13180
13260
13344
13424
13508
13588
13668
13752
13832
13916
13996
14036
14048
14080
14160
14244
14324
14408
14488
14572
14652
14736
14816
14900
14980
15060
15144
15224
15308
15372
15384
15392
15472
15552
15632
15716
15796
15880
15960
16044
16128
16208
16292
16372
16456
16536
16620
16700
16784
16864
16948
17028
17112
17192
17276
17356
17436
17520
17600
17684
17764
17844
17928
18012
18092
18176
18256
18340
18420
18504
18588
18668
18752
18800
18808
18824
18836
18916
18996
19076
19160
19244
19324
19408
19492
19572
19656
19736
19820
19900
19980
20064
20144
20228
20312
20392
20472
20552
20564
20636
20720
20800
20884
20964
21048
21128
21212
21292
21376
21456
21540
21620
21704
21784
21868
21948
22032
22112
22196
22276
22360
22440
22524
22604
22688
22772
22852
22932
23016
23096
23180
23260
23344
23424
23504
23584
23596
23668
23752
23832
23916
23996
24076
24160
24240
24324
24404
24488
24568
24652
24732
24816
24896
24980
25060
25144
25224
25308
25388
25472
25552
25632
25716
25800
25880
25964
26044
26128
26208
26292
26372
26456
26536
26620
26700
26784
26864
26948
26996
27028
27040
27112
27192
27276
27356
27440
27524
27604
27688
27768
27852
27932
28016
28096
28180
28260
28344
28428
28508
28592
28672
28720
28732
28752
28764
28836
28920
29000
29080
29164
29244
29328
29408
29492
29572
29656
29736
29820
29900
29984
30064
30144
30228
30308
30392
30472
30556
30640
30720
30804
30884
30968
31048
31132
31212
31296
31376
31460
31540
31620
31704
31756
31768
31784
31796
31868
31948
32032
32112
32196
32276
32360
32440
32520
32604
32684
32768
32848
32932
33012
33096
33176
33260
33340
33424
33504
33588
33668
33748
33832
33912
33996
34076
34160
34244
34324
34408
34488
34572
34652
34736
34816
34900
34980
35064
35148
35208
35220
35228
35308
35392
35472
35556
35636
35720
35804
35884
35968
36048
36132
36212
36296
36376
36460
36540
36624
36704
36788
36872
36932
36944
36952
37032
37116
37196
37280
37360
37444
37524
37608
37688
37772
37852
37936
38016
38100
38180
38264
38344
38428
38508
38588
38636
38644
38672
38752
38836
38920
39000
39080
39164
39244
39328
39408
39492
39572
39652
39736
39816
39900
39952
39960
39980
39988
40064
40148
40228
40308
40392
40472
40556
40636
40720
40800
40884
40968
41048
41128
41212
41292
41376
41456
41540
41620
41704
41784
41868
41948
42028
42112
42192
42276
42356
42440
42520
42604
42684
42768
42852
42932
43016
43096
43180
43260
43344
43392
43404
43416
43424
43508
43588
43672
43752
43836
43916
44000
44084
44164
44248
44328
44412
44492
44572
44656
44736
44820
44904
44984
45064
45132
45144
45156
45232
45312
45392
45476
45556
45640
45720
45804
45884
45968
46048
46132
46212
46296
46376
46460
46540
46624
46704
46788
46868
46952
47036
47116
47196
47280
47360
47444
47524
47608
47688
47772
47852
47932
48016
48096
48152
48168
48176
48188
48260
48344
48424
48508
48588
48672
48752
48832
48916
48996
49080
49160
49244
49324
49408
49488
49572
49652
49736
49816
49900
49980
50064
50144
50224
50308
50388
50472
50552
50636
50720
50800
50884
50964
51048
51128
51212
51292
51376
51456
51540
51592
51604
51616
51624
51704
51784
51868
51948
52032
52116
52196
52280
52360
52444
52524
52608
52688
52772
52852
52936
53016
53100
53180
53264
53336
53348
53428
53508
53592
53672
53756
53836
53920
54000
54084
54164
54248
54328
54408
54492
54572
54656
54736
54820
54900
54984
55064
55148
55232
55312
55392
55476
55560
55640
55724
55804
55884
55968
56052
56132
56212
56296
56348
56372
56380
56460
56540
56624
56704
56784
56868
56948
57032
57112
57196
57276
57360
57440
57520
57604
57684
57768
57848
57932
58012
58096
58176
58260
58340
58424
58504
58588
58668
58752
58832
58916
59000
59080
59164
59244
59328
59408
59492
59572
59656
59736
59812
59824
59836
59900
59984
60064
60148
60228
60312
60396
60476
60560
60640
60720
60804
60884
60968
61048
61132
61212
61296
61376
61460
61532
61540
61552
61624
61708
61788
61868
61952
62036
62116
62200
62280
62364
62444
62528
62608
62692
62772
62852
62936
63016
63100
63180
63264
63344
63428
63508
63592
63672
63756
63836
63916
64000
64080
64164
64244
64328
64408
64492
64568
64580
64656
64736
64816
64900
64980
65064
65144
65228
65308
65392
65472
20
104
184
268
348
432
512
596
676
760
840
920
1004
1084
1164
1248
1328
1412
1492
1576
1656
1740
1824
1904
1988
2068
2152
2232
2316
2396
2452
2464
2472
2484
2560
2644
2724
2808
2888
2972
3056
3136
3220
3300
3384
3464
3548
3628
3708
3792
3876
3956
4040
4120
4192
4200
4212
4284
4368
4448
4528
4612
4696
4776
4860
4940
5024
5104
5188
5268
5348
5432
5512
5596
5676
5760
5840
5924
6004
6088
6168
6252
6332
6416
6496
6580
6660
6744
6824
6904
6988
7068
7152
7232
7244
7316
7396
7476
7560
7640
7724
7804
7888
7968
8052
8132
8216
8296
8380
8460
8544
8624
8708
8788
8872
8952
9036
9116
9196
9280
9360
9444
9524
9608
9688
9772
9856
9936
10020
10100
10184
10264
10348
10428
10512
10592
10656
10664
10676
10756
10840
10920
11004
11084
11168
11252
11332
11416
11496
11580
11660
11744
11824
11908
11988
12072
12152
12236
12316
12364
12376
12400
12480
12564
12644
12728
12808
12892
12972
13056
13136
13220
13300
13384
13464
13544
13628
13708
13792
13872
13956
14036
14120
14200
14284
14364
14448
14528
14612
14696
14776
14856
14940
0
