19300
19328
19396
19464
19528
19596
19660
19728
19796
19864
19928
19996
20064
20128
20196
20264
20332
20396
20464
20532
20600
20664
20732
20796
20864
20932
21000
21068
21132
21200
21268
21336
21400
21468
21536
21604
21672
21736
21804
21872
21940
22004
22072
22140
22204
22272
22340
22408
22472
22540
22604
22612
22676
22740
22808
22876
22944
23008
23076
23144
23208
23276
23344
23412
23476
23544
23612
23680
23748
23812
23880
23948
24016
24080
24148
24216
24280
24348
24416
24484
24548
24616
24684
24748
24816
24884
24948
25016
25080
25148
25216
25284
25348
25416
25480
25548
25616
25684
25752
25816
25884
25952
26016
26084
26152
26220
26288
26352
26420
26488
26556
26620
26688
26756
26824
26888
26956
27024
27092
27156
27192
27224
27292
27356
27424
27492
27556
27624
27692
27756
27824
27892
27960
28028
28092
28160
28228
28296
28364
28428
28496
28564
28628
28696
28764
28832
28896
28964
29032
29100
29168
29232
29300
29368
29436
29500
29568
29636
29704
29768
29836
29900
29968
30036
30104
30168
30236
30304
30372
30436
30472
30504
30572
30640
30704
30772
30840
30908
30972
31040
31108
31172
31240
31308
31372
31440
31508
31576
31640
31708
31772
31840
31908
31972
32040
32108
32176
32244
32308
32376
32444
32508
32576
32644
32708
32776
32844
32912
32976
33044
33112
33180
33244
33312
33380
33448
33512
33580
33648
33716
33780
33848
33916
33984
34048
34116
34184
34248
34316
34384
34452
34516
34584
34652
34720
34784
34852
34920
34988
35052
35120
35188
35252
35320
35388
35456
35524
35588
35656
35724
35792
35856
35924
35992
36060
36124
36192
36260
36328
36392
36460
36528
36592
36660
36728
36796
36860
36928
36996
37064
37128
37196
37264
37332
37396
37464
37532
37596
37664
37732
37800
37864
37932
38000
38064
38132
38200
38264
38332
38400
38464
38532
38596
38664
38732
38800
38864
38932
39000
39068
39132
39200
39268
39336
39400
39468
39536
39604
39668
39736
39804
39872
39936
40004
40072
40136
40204
40272
40336
40404
40472
40540
40608
40672
40740
40804
40872
40940
41008
41072
41140
41208
41276
41340
41408
41476
41544
41608
41676
41744
41812
41880
41944
42012
42080
42148
42212
42280
42348
42416
42480
42548
42616
42680
42748
42816
42884
42948
43016
43084
43152
43216
43284
43352
43416
43484
43552
43620
43684
43752
43820
43888
43952
44020
44088
44152
44220
44288
44356
44420
44488
44556
44624
44688
44756
44820
44888
44956
45020
45088
45156
45220
45288
45356
45420
45488
45556
45624
45688
45756
45824
45888
45956
46024
46092
46156
46224
46292
46360
46424
46492
46560
46628
46692
46760
46828
46896
46960
47028
47096
47164
47228
47296
47364
47432
47496
47564
47628
47696
47764
47832
47896
47964
48032
48100
48164
48232
48300
48368
48432
48500
48568
48636
48700
48768
48836
48904
48968
49036
49104
49172
49240
49304
49372
49440
49508
49572
49640
49708
49772
49840
49908
49972
50040
50108
50176
50240
50308
50376
50440
50508
50576
50644
50708
50776
50844
50908
50976
51044
51112
51176
51244
51312
51376
51444
51512
51580
51644
51712
51780
51844
51912
51976
52044
52112
52180
52248
52312
52380
52448
52512
52580
52648
52712
52780
52848
52912
52980
53048
53116
53180
53248
53316
53384
53448
53516
53584
53648
53716
53784
53852
53920
53984
54052
54120
54184
54252
54320
54384
54452
54520
54588
54644
54656
54720
54788
54856
54920
54988
55056
55124
55188
55256
55324
55392
55456
55524
55592
55660
55724
55792
55860
55928
55992
56060
56128
56196
56260
56328
56396
56460
56528
56596
56664
56728
56796
56864
56928
56996
57064
57132
57196
57264
57332
57400
57464
57532
57600
57668
57732
57800
57868
57932
58000
58068
58132
58200
58268
58332
58400
58468
58532
58600
58664
58732
58800
58864
58932
59000
59068
59136
59200
59268
59336
59404
59468
59536
59604
59668
59736
59804
59872
59936
60004
60072
60140
60204
60272
60340
60404
60472
60540
60608
60672
60740
60808
60872
60940
61008
61072
61140
61208
61276
61344
61408
61476
61544
61612
61676
61744
61812
61880
61944
62012
62080
62144
62212
62280
62348
62412
62480
62548
62616
62684
62748
62816
62884
62948
63016
63084
63152
63216
63284
63352
63416
63484
63552
63616
63684
63752
63820
63884
63952
64020
64088
64152
64220
64288
64352
64420
64488
64556
64620
64688
64756
64820
64888
64956
65020
65088
65156
65220
65288
65352
65420
65488
20
84
152
220
284
352
420
488
552
620
688
752
820
888
956
1024
1088
1156
1224
1292
1356
1424
1492
1556
1624
1692
1760
1828
1892
1960
2024
2092
2160
2224
2292
2360
2428
2492
2560
2628
2696
2760
2828
2896
2964
3028
3096
3164
3232
3300
3364
3432
3500
3564
3632
3700
3768
3832
3900
3968
4036
4104
4168
4236
4300
4368
4436
4504
4568
4636
4704
4768
4836
4904
4968
5036
5104
5172
5236
5304
5372
5436
5504
5572
5636
5704
5772
5840
5904
5972
6040
6108
6172
6240
6304
6372
6440
6504
6572
6640
6708
6772
6840
6908
6976
7040
7108
7176
7240
7308
7376
7444
7508
7576
7644
7708
7776
7844
7912
7976
8044
8112
8176
8244
8312
8380
8444
8496
8512
8580
8648
8712
8780
8844
8912
8980
9048
9116
9180
9248
9316
9380
9448
9516
9584
9652
9716
9784
9852
9916
9984
10052
10120
10184
10252
10320
10388
10452
10520
10588
10656
10720
10788
10856
10920
10988
11056
11124
11188
11256
11324
11388
11456
11524
11588
11656
11724
11792
11860
11924
11992
12060
12124
12192
12260
12324
12392
12460
12528
12592
12660
12724
12792
12860
12928
12992
13060
13124
13192
13256
13324
13392
13460
13524
13592
13660
13728
13792
13860
13928
13996
14060
14128
14196
14264
14328
14396
14464
14532
14596
14664
14732
14796
14864
14932
15000
15064
15132
15200
15264
15332
15400
15464
15532
15600
15664
15732
15800
15868
15932
16000
16068
16136
16204
16268
16336
16404
16468
16536
16604
16672
16736
16804
16872
16940
17008
17072
17140
17208
17276
17340
17408
17476
17540
17608
17676
17740
17808
17876
17944
18008
18076
18144
18208
18276
18344
18408
18476
18544
18612
18676
18744
18812
18876
18944
19012
19076
19144
19212
19280
19344
19412
19480
19544
19612
19672
19680
19744
19812
19876
19944
20012
20080
20144
20212
20280
20348
20412
20480
20548
20612
20680
20748
20816
20880
20948
21016
21080
21148
21216
21284
21348
21416
21484
21548
21616
21684
21752
21816
21884
21952
22020
22084
22152
22216
22284
22352
22420
22484
22552
22620
22688
22752
22820
22888
22956
23020
23088
23156
23224
23288
23356
23424
23492
23560
23624
23692
23760
23824
23892
23960
24028
24092
24160
24228
24292
24360
24428
24496
24560
24628
24696
24760
24828
24896
24960
25028
25096
25164
25228
25296
25364
25432
25496
25564
25628
25696
25764
25828
25896
25964
26028
26096
26164
26228
26296
26364
26428
26496
26564
26632
26696
26764
26832
26896
26964
27032
27100
27168
27232
27300
27368
27432
27500
27568
27632
27700
27768
27836
27900
27968
28036
28100
28168
28232
28300
28368
28436
28500
28556
28568
28636
28704
28768
28836
28904
28968
29036
29104
29172
29236
29304
29372
29440
29504
29572
29640
29708
29772
29840
29908
29976
30040
30108
30176
30240
30308
30376
30444
30508
30576
30644
30712
30776
30844
30912
30976
31044
31112
31180
31244
31312
31380
31444
31512
31580
31644
31712
31780
31848
31912
31980
32048
32116
32180
32248
32316
32380
32448
32516
32580
32648
32716
32780
32848
32916
32980
33048
33112
33180
33248
33312
33380
33448
33512
33580
33648
33716
33780
33848
33916
33980
34048
34116
34184
34248
34316
34384
34452
34516
34584
34652
34720
34784
34852
34916
34984
35052
35120
35188
35252
35320
35388
35452
35520
35584
35652
35720
35788
35852
35920
35988
36056
36120
36188
36256
36324
36388
36456
36524
36592
36656
36724
36792
36860
36924
36992
37060
37128
37192
37260
37328
37392
37460
37528
37596
37660
37728
37796
37860
37928
37996
38064
38128
38196
38264
38328
38396
38464
38528
38596
38664
38732
38796
38864
38932
38996
39064
39132
39196
39264
39332
39396
39464
39532
39596
39664
39732
39796
39864
39932
39996
40064
40132
40200
40264
40332
40400
40464
40532
40600
40664
40732
40800
40864
40932
41000
41068
41132
41200
41268
41336
41400
41468
41536
41600
41668
41736
41804
41868
41924
41936
42004
42072
42136
42204
42268
42336
42404
42472
42536
42604
42672
42740
42804
42872
42940
43008
43072
43140
43208
43272
43340
43408
43476
43540
43608
43676
43744
43808
43876
43944
43976
44004
44016
44076
44144
44212
44276
44344
44412
44476
44544
44612
44680
44744
44812
44880
44944
45012
45080
45144
45212
45280
45348
45412
45480
45548
45612
45680
45748
45812
45880
45948
46012
46080
46148
46212
46280
46348
46412
46480
46548
46612
46680
46744
46812
46880
46948
47016
47080
47148
47216
47280
47348
47416
47484
47548
47616
47684
47748
47816
47884
47952
48016
48084
48152
48216
48284
48352
48416
48484
48552
48620
48684
48752
48820
48884
48952
49016
49084
49152
49220
49288
49352
49420
49488
49556
49620
49688
49756
49824
49888
49956
50024
50088
50156
50224
50288
50356
50424
50492
50556
50624
50680
50692
50760
50824
50892
50960
51024
51092
51160
51228
51292
51360
51428
51492
51560
51628
51692
51760
51828
51896
51960
52028
52096
52160
52232
52296
52364
52428
52496
52564
52628
52696
52764
52828
52896
52960
53028
53096
53160
53228
53296
53360
53428
53492
53560
53628
53696
53760
53828
53896
53960
54028
54096
54164
54228
54296
54364
54432
54496
54564
54632
54700
54764
54832
54900
54964
55032
55100
55168
55232
55304
55368
55432
55500
55564
55632
55700
55768
55832
55900
55968
56032
56100
56168
56236
56300
56368
56436
56504
56572
56636
56704
56772
56836
56904
56972
57040
57104
57172
57240
57304
57372
57440
57508
57576
57640
57708
57772
57840
57908
57972
58040
58108
58176
58240
58308
58376
58440
58508
58576
58644
58708
58776
58844
58908
58976
59044
59108
59176
59244
59308
59376
59444
59508
59576
59644
59708
59748
59776
59844
59908
59976
60044
60112
60176
60244
60312
60376
60444
60512
60576
60644
60712
60776
60844
60912
60976
61044
61112
61180
61244
61312
61380
61448
61512
61580
61644
61712
61780
61848
61912
61980
62048
62116
62180
62248
62312
62380
62448
62516
62580
62648
62716
62784
62848
62916
62984
63048
63116
63184
63252
63316
63384
63452
63516
63584
63652
63720
63788
63852
63920
63988
64052
64120
64188
64256
64320
64388
64456
64520
64588
64656
64720
64788
64856
64920
64988
65056
65124
65188
65256
65324
65392
65456
65524
56
120
188
256
320
388
456
520
588
652
720
788
852
920
988
1052
1120
1188
1252
1320
1388
1452
1520
1588
1656
1720
1788
1856
1920
1988
2056
2124
2188
2256
2324
2388
2456
2524
2592
2656
2724
2788
2856
2924
2992
3056
3124
3192
3256
3324
3388
3456
3524
3592
3656
3724
3792
3860
3928
3992
4060
4128
4196
4260
4328
4396
4464
4528
4596
4664
4728
4796
4864
4928
4996
5064
5132
5192
5204
5264
5332
5396
5464
5532
5596
5664
5732
5800
5864
5932
6000
6064
6132
6200
6264
6332
6400
6468
6532
6600
6668
6732
6800
6868
6936
7000
7068
7136
7200
7268
7332
7400
7468
7532
7592
7600
7664
7732
7800
7864
7932
8000
8064
8132
8200
8268
8332
8400
8468
8532
8600
8668
8736
8800
8868
8936
9004
9068
9136
9204
9268
9336
9404
9468
9536
9604
9672
9736
9804
9872
9936
10004
10072
10136
10204
10272
10336
10404
10472
10536
10604
10672
10740
10804
10872
10940
11008
11072
11140
11208
11276
11344
11408
11476
11544
11608
11676
11744
11812
11876
11944
12012
12076
12144
12212
12280
12344
12412
12476
12544
12612
12680
12744
12812
12876
12944
13012
13080
13144
13212
13280
13344
13412
13480
13544
13612
13680
13748
13812
13880
13944
14012
14080
14144
14212
14280
14344
14412
14480
14544
14612
14680
14748
14812
14880
14948
15012
15080
15148
15212
15280
15348
15412
15480
15548
15612
15680
15748
15816
15880
15948
16016
16080
16148
16216
16284
16348
16416
16484
16552
16616
16684
16748
16816
16884
16952
17016
17084
17144
17156
17216
17284
17352
17420
17484
17552
17620
17684
17752
17820
17888
17952
18020
18088
18152
18220
18288
18356
18420
18488
18556
18624
18688
18756
18824
18888
18956
19024
19088
19156
19224
19292
19356
19424
19492
19556
19624
19692
19760
19824
19892
19960
20024
20092
20160
20224
20292
20360
20424
20492
20560
20624
20692
20760
20824
20892
20956
21024
21092
21156
21224
21288
21356
21424
21492
21560
21624
21692
21760
21824
21892
21960
22024
22092
22160
22228
22292
22360
22428
22492
22560
22628
22692
22760
22828
22896
22960
23028
23096
23160
23228
23296
23360
23428
23492
23560
23628
23696
23764
23828
23896
23964
24028
24096
24164
24232
24296
24364
24432
24500
24564
24632
24700
24764
24832
24900
24968
25036
25100
25168
25232
25300
25368
25436
25500
25568
25636
25700
25768
25836
25900
25968
26036
26100
26168
26236
26304
26368
26436
26504
26568
26636
26704
26772
26836
26904
26972
27036
27104
27172
27236
27304
27368
27436
27504
27568
27636
27700
27768
27836
27900
27968
28036
28100
28168
28236
28304
28368
28436
28504
28568
28636
28704
28768
28836
28904
28972
29036
29104
29172
29240
29304
29372
29440
29504
29572
29640
29708
29772
29840
29908
29972
30040
30104
30172
30240
30304
30372
30440
30476
30488
30508
30572
30640
30708
30772
30840
30908
30976
31044
31108
31176
31244
31308
31376
31444
31512
31580
31644
31712
31780
31844
31908
31920
31980
32048
32112
32180
32244
32312
32380
32448
32512
32580
32648
32712
32780
32848
32912
32980
33048
33112
33180
33248
33316
33380
33448
33512
33580
33648
33712
33780
33848
33912
33980
34048
34112
34180
34248
34312
34380
34448
34512
34580
34648
34712
34780
34848
34916
34980
35048
35116
35180
35248
35316
35380
35448
35516
35584
35648
35716
35784
35848
35916
35984
36048
36116
36180
36248
36316
36384
36452
36516
36584
36652
36716
36784
36848
36916
36984
37052
37116
37184
37252
37320
37384
37452
37520
37584
37652
37720
37788
37852
37920
37988
38052
38120
38188
38256
38320
38388
38456
38520
38588
38656
38724
38788
38856
38924
38988
39056
39124
39188
39256
39324
39388
39456
39524
39592
39656
39724
39792
39856
39924
39992
40060
40124
40192
40260
40324
40392
40460
40524
40592
40660
40724
40792
40856
40924
40992
41056
41124
41188
41256
41324
41388
41456
41524
41592
41656
41724
41792
41856
41924
41960
41992
42056
42124
42192
42260
42324
42392
42460
42528
42592
42660
42728
42792
42860
42928
42992
43060
43128
43196
43260
43328
43392
43460
43528
43592
43660
43728
43796
43860
43928
43996
44060
44128
44196
44264
44328
44396
44464
44528
44596
44664
44732
44796
44864
44932
45000
45068
45132
45200
45264
45332
45400
45468
45532
45600
45668
45732
45800
45868
45932
46000
46068
46132
46200
46268
46332
46400
46468
46536
46600
46668
46736
46800
46868
46936
47000
47068
47136
47200
47268
47336
47400
47468
47536
47600
47656
47664
47676
47732
47800
47868
47932
48000
48068
48136
48200
48268
48336
48400
48468
48532
48600
48668
48736
48800
48868
48936
49000
49068
49136
49204
49268
49336
49404
49468
49536
49604
49672
49736
49804
49872
49936
50004
50072
50136
50204
50272
50336
50404
50472
50536
50604
50672
50736
50804
50872
50940
51004
51072
51140
51208
51272
51340
51408
51472
51540
51608
51676
51740
51808
51876
51944
52008
52076
52144
52208
52276
52344
52408
52476
52544
52608
52676
52744
52808
52876
52944
53008
53076
53144
53212
53276
53344
53412
53476
53544
53612
53676
53744
0
