19300
19380
19464
19544
19628
19712
19792
19876
19960
20040
20124
20208
20288
20372
20456
20536
20620
20704
20784
20868
20952
21032
21116
21196
21280
21360
21444
21528
21608
21692
21776
21856
21940
22020
22104
22188
22268
22352
22432
22516
22600
22680
22764
22848
22928
23012
23096
23176
23260
23344
23424
23508
23592
23672
23756
23836
23920
24004
24084
24168
24248
24332
24412
24496
24576
24660
24744
24824
24908
24992
25072
25156
25236
25320
25404
25484
25568
25648
25732
25816
25896
25980
26060
26144
26224
26308
26392
26472
26556
26636
26720
26804
26884
26968
27052
27132
27216
27296
27380
27460
27544
27624
27708
27788
27872
27956
28036
28120
28204
28284
28368
28452
28532
28616
28700
28780
28864
28948
29032
29112
29196
29276
29360
29440
29524
29608
29688
29772
29856
29936
30020
30100
30184
30268
30348
30432
30516
30596
30680
30760
30844
30928
31008
31092
31172
31256
31340
31424
31504
31588
31672
31752
31836
31920
32000
32084
32164
32248
32332
32412
32496
32576
32660
32740
32824
32908
32988
33072
33152
33236
33320
33400
33484
33564
33648
33732
33812
33896
33976
34060
34140
34224
34304
34388
34468
34512
34552
34636
34716
34800
34880
34964
35048
35128
35212
35296
35376
35460
35544
35624
35708
35788
35872
35956
36036
36120
36204
36284
36368
36448
36532
36616
36696
36780
36860
36944
37028
37108
37192
37276
37356
37440
37520
37604
37684
37768
37852
37932
38016
38100
38180
38264
38348
38428
38512
38596
38676
38760
38844
38924
39008
39092
39172
39256
39336
39420
39504
39584
39668
39752
39832
39916
40000
40080
40164
40244
40328
40408
40492
40572
40656
40740
40820
40904
40984
41068
41152
41232
41316
41400
41480
41564
41644
41728
41812
41892
41976
42056
42140
42224
42304
42388
42468
42552
42636
42716
42800
42880
42964
43044
43128
43212
43292
43376
43460
43540
43624
43704
43788
43868
43952
44032
44116
44196
44280
44364
44444
44528
44612
44696
44776
44860
44944
45024
45108
45192
45272
45356
45440
45520
45604
45688
45768
45852
45932
46016
46096
46180
46264
46344
46428
46512
46592
46676
46756
46840
46920
47004
47088
47168
47252
47336
47416
47500
47580
47664
47748
47832
47912
47996
48080
48160
48244
48328
48408
48492
48572
48656
48736
48820
48904
48984
49068
49148
49232
49312
49396
49480
49560
49644
49724
49808
49892
49972
50056
50140
50220
50304
50384
50468
50548
50632
50716
50796
50880
50960
51044
51124
51208
51292
51372
51456
51540
51620
51704
51784
51868
51952
52032
52116
52196
52280
52360
52444
52524
52608
52692
52772
52856
52940
53020
53104
53188
53268
53352
53432
53516
53600
53684
53764
53848
53932
54012
54096
54176
54260
54344
54424
54508
54592
54672
54756
54836
54920
55004
55084
55168
55252
55332
55416
55496
55580
55664
55744
55828
55908
55992
56076
56156
56240
56328
56404
56488
56572
56652
56736
56820
56900
56984
57068
57148
57232
57312
57396
57476
57560
57640
57724
57808
57892
57972
58056
58136
58220
58300
58384
58468
58548
58632
58712
58796
58876
58960
59040
59124
59204
59288
59368
59452
59536
59616
59700
59784
59864
59948
60032
60112
60196
60280
60360
60444
60528
60608
60692
60772
60856
60940
61020
61104
61184
61268
61352
61432
61516
61596
61680
61764
61844
61928
62012
62092
62176
62256
62340
62420
62504
62588
62668
62752
62836
62916
63000
63084
63164
63248
63332
63412
63496
63580
63660
63744
63828
63908
63992
64072
64156
64240
64324
64404
64488
64568
64652
64736
64816
64900
64980
65064
65144
65228
65312
65392
65476
20
104
184
268
352
432
516
600
684
764
848
928
1012
1092
1176
1260
1340
1424
1508
1588
1672
1752
1836
1916
2000
2084
2164
2248
2328
2412
2496
2576
2660
2740
2824
2904
2988
3068
3152
3236
3316
3400
3480
3564
3648
3728
3812
3896
3976
4060
4144
4224
4308
4392
4476
4556
4640
4724
4804
4888
4968
5052
5132
5216
5300
5380
5464
5548
5628
5712
5792
5876
5960
6040
6124
6208
6288
6372
6452
6536
6620
6700
6784
6868
6948
7032
7116
7196
7280
7364
7444
7528
7612
7692
7776
7856
7940
8020
8104
8188
8268
8352
8432
8516
8596
8680
8764
8844
8928
9012
9092
9176
9256
9340
9420
9504
9588
9668
9752
9836
9916
10000
10080
10164
10248
10328
10408
10492
10576
10656
10740
10824
10904
10988
11072
11152
11236
11316
11400
11480
11564
11648
11728
11812
11896
11976
12060
12140
12224
12308
12388
12472
12552
12636
12720
12800
12884
12968
13048
13132
13212
13296
13380
13460
13544
13628
13708
13792
13876
13960
14040
14124
14204
14288
14372
14452
14536
14620
14700
14784
14864
14948
15028
15112
15196
15280
15360
15444
15524
15608
15692
15772
15856
15940
16020
16104
16184
16268
16352
16432
16516
16596
16680
16760
16844
16928
17008
17092
17176
17256
17340
17424
17504
17588
17668
17752
17832
17916
17996
18080
18164
18244
18328
18408
18492
18572
18656
18736
18820
18904
18988
19068
19152
19232
19316
19400
19480
19564
19648
19728
19812
19892
19976
20056
20140
20224
20308
20388
20472
20552
20636
20720
20800
20884
20968
21048
21132
21216
21296
21380
21460
21544
21624
21708
21788
21872
21956
22036
22120
22204
22284
22368
22452
22536
22616
22700
22780
22864
22948
23028
23112
23196
23276
23360
23444
23524
23608
23692
23772
23856
23936
24020
24104
24184
24268
24348
24432
24512
24596
24680
24760
24844
24924
25008
25088
25172
25256
25336
25420
25504
25584
25668
25748
25832
25916
25996
26080
26164
26244
26328
26408
26492
26576
26656
26740
26820
26904
26984
27068
27152
27232
27316
27400
27480
27564
27644
27728
27808
27892
27972
28056
28140
28220
28304
28384
28468
28552
28632
28716
28800
28884
28964
29048
29132
29212
29296
29380
29460
29544
29628
29708
29792
29872
29956
30036
30120
30204
30284
30368
30452
30532
30616
30696
30780
30864
30944
31028
31108
31192
31276
31356
31440
31524
31604
31688
31772
31852
31936
32020
32104
32184
32268
32352
32432
32516
32596
32680
32760
32844
32924
33008
33092
33172
33256
33336
33420
33504
33584
33668
33748
33832
33916
33996
34080
34160
34244
34324
34408
34492
34572
34656
34736
34824
34900
34984
35068
35148
35232
35312
35396
35480
35560
35644
35728
35808
35892
35976
36056
36140
36220
36304
36388
36468
36552
36636
36716
36772
36800
36880
36964
37048
37128
37212
37292
37376
37460
37540
37624
37708
37788
37872
37952
38036
38116
38200
38284
38364
38448
38532
38612
38696
38780
38864
38944
39028
39112
39192
39276
39356
39440
39524
39604
39688
39768
39852
39936
40020
40100
40184
40264
40348
40432
40512
40596
40676
40760
40844
40924
41008
41088
41172
41252
41336
41420
41500
41584
41664
41748
41832
41912
41996
42080
42160
42244
42328
42408
42492
42572
42656
42740
42820
42904
42984
43068
43148
43232
43316
43396
43480
43560
43644
43728
43808
43892
43972
44056
44140
44220
44304
44384
44468
44548
44632
44716
44796
44880
44964
45044
45128
45212
45296
45376
45460
45540
45624
45708
45792
45872
45956
46036
46120
46200
46284
46364
46448
46532
46612
46696
46780
46860
46944
47024
47112
47192
47272
47356
47440
47520
47604
47688
47768
47852
47936
48016
48100
48184
48268
48348
48432
48512
48596
48680
48760
48844
48924
49008
49088
49172
49252
49336
49420
49500
49584
49664
49748
49828
49912
49996
50076
50160
50244
50324
50408
50492
50572
50656
50736
50820
50904
50984
51068
51148
51232
51316
51396
51480
51560
51644
51724
51808
51892
51972
52056
52140
52220
52304
52384
52468
52548
52632
52716
52796
52880
52960
53044
53124
53208
53292
53376
53456
53540
53620
53704
53788
53872
53952
54036
54120
54200
54284
54368
54448
54532
54612
54696
54776
54860
54944
55024
55108
55192
55272
55356
55440
55520
55604
55688
55768
55852
55932
56016
56100
56180
56264
56344
56428
56512
56596
56676
56760
56844
56924
57008
57092
57172
57256
57336
57420
57504
57584
57668
57748
57832
57912
57996
58080
58160
58244
58328
58408
58492
58572
58656
58740
58820
58904
58984
59068
59148
59232
59312
59400
59480
59560
59644
59724
59808
59888
59972
60056
60136
60220
60304
60384
60468
60552
60632
60716
60800
60880
60964
61044
61128
61212
61292
61376
61460
61540
61624
61704
61788
61872
61952
62036
62120
62200
62284
62368
62448
62532
62612
62696
62776
62860
62940
63024
63108
63192
63272
63356
63440
63520
63604
63688
63768
63852
63936
64016
64100
64184
64264
64348
64428
64512
64596
64676
64760
64844
64924
65008
65092
65172
65256
65336
65420
65504
48
132
212
296
376
460
540
624
708
788
872
956
1036
1120
1204
1284
1368
1448
1532
1616
1696
1780
1864
1944
2028
2108
2192
2276
2356
2440
2520
2604
2684
2768
2852
2932
3016
3100
3180
3264
3344
3428
3508
3592
3672
3756
3836
3920
4004
4084
4168
4252
4332
4416
4500
4584
4664
4748
4832
4912
4996
5080
5164
5244
5328
5408
5492
5572
5656
5736
5820
5904
5984
6068
6152
6232
6316
6396
6480
6564
6644
6728
6812
6892
6976
7060
7140
7224
7308
7388
7472
7556
7636
7720
7804
7888
7968
8052
8132
8216
8296
8380
8460
8544
8628
8708
8792
8872
8956
9036
9120
9204
9284
9368
9452
9532
9616
9696
9780
9860
9944
10028
10108
10192
10272
10356
10440
10520
10604
10688
10768
10852
10932
11016
11100
11180
11264
11348
11428
11512
11592
11676
11756
11840
11924
12004
12088
12168
12252
12332
12416
12500
12580
12664
12748
12828
12912
12996
13076
13160
13244
13324
13408
13492
13572
13656
13736
13820
13900
13984
14068
14152
14232
14316
14400
14480
14564
14648
14728
14812
14896
14976
15060
15140
15224
15308
15388
15472
15552
15636
15720
15800
15884
15968
16048
16132
16216
16296
16380
16464
16544
16628
16708
16792
16876
16956
17040
17120
17204
17288
17368
17452
17536
17616
17700
17780
17864
17944
18028
18112
18192
18276
18356
18440
18520
18604
18688
18768
18852
18932
19016
19096
19180
19264
19344
19428
19512
19592
19676
19760
19840
19924
20008
20088
20172
20252
20336
20416
20500
20584
20664
20748
20832
20912
20996
21080
21160
21244
21328
21408
21492
21576
21656
21740
21820
21904
21984
22068
22148
22232
22316
22400
22480
22564
22648
22728
22812
22896
22976
23060
23144
23224
23308
23392
23472
23560
23636
23720
23804
23888
23968
24052
24132
24216
24300
24380
24464
24548
24628
24712
24792
24876
24956
25040
25120
25204
25288
25368
25452
25532
25616
25700
25780
25864
25948
26032
26112
26196
26276
26360
26440
26524
26608
26688
26772
26852
26936
27020
27100
27184
27264
27348
27432
27512
27596
27676
27760
27844
27924
28008
28088
28172
28252
28336
28416
28500
28584
28664
28748
28832
28912
28996
29080
29160
29244
29328
29408
29492
29576
29660
29740
29824
29908
29988
30072
30152
30236
30316
30400
30484
30564
30648
30732
30812
30896
30980
31060
31144
31224
31308
31392
31472
31556
31636
31720
31804
31884
31968
32052
32136
32216
32300
32384
32464
32548
32632
32712
32796
32880
32960
33044
33124
33208
33292
33372
33456
33536
33620
33700
33784
33864
33948
34032
34112
34196
34280
34360
34444
34524
34608
34688
34772
34856
34936
35020
35100
35184
35268
35348
35408
35432
35512
35596
35676
35760
35848
35924
36008
36092
36176
36256
36340
36420
36504
36588
36668
36752
36832
36916
37000
37080
37164
37216
37228
37248
37328
37412
37496
37576
37660
37740
37824
37908
37988
38072
38156
38236
38320
38400
38484
38564
38648
38732
38812
38896
38980
39060
39144
39228
39312
39392
39476
39556
39640
39724
39804
39888
39972
40052
40136
40216
40300
40384
40468
40548
40632
40716
40796
40880
40964
41044
41128
41208
41292
41372
41456
41540
41620
41704
41784
41868
41948
42032
42116
42196
42280
42364
42448
42528
42612
42692
42776
42856
42940
43024
43104
43188
43268
43352
43432
43516
43600
43680
43764
43844
43928
44008
44092
44176
44256
44340
44424
44504
44588
44668
44752
44832
44916
45000
45080
45164
45248
45328
45412
45468
45496
45576
45660
45744
45824
45908
45992
46072
46156
46240
46320
46404
46488
46568
46652
46732
46816
46896
46980
47064
47144
47228
47312
47392
47476
47560
47640
47724
47804
47888
47972
48052
48136
48220
48300
48384
48468
48548
48632
48716
48800
48880
48964
49044
49128
49212
49292
49376
49460
49540
49624
49704
49788
49868
49952
50036
50116
50196
50280
50364
50444
50528
50612
50692
50776
50860
50940
51024
51104
51188
51272
51352
51436
51520
51600
51684
51764
51848
51928
52012
52096
52176
52260
52340
52424
52508
52588
52672
52756
52836
52920
53000
53084
53164
53248
53332
53412
53496
53576
53660
53744
53824
53908
53992
54072
54156
54236
54320
54404
54488
54572
54652
54736
54820
54900
54984
55064
55148
55232
55312
55396
55476
55560
55644
55724
55808
55892
55972
56056
56140
56220
56304
56384
56468
56552
56632
56716
56800
56880
56964
57048
57128
57212
57296
57376
57460
57544
57624
57708
57788
57872
57956
58036
58120
58204
58284
58368
58448
58532
58612
58696
58780
58860
58944
59028
59108
59192
59272
59356
59436
59520
59604
59684
59768
59848
59932
60012
60096
60176
60260
60344
60424
60508
60592
60672
60756
60840
60920
61004
61088
61168
61252
61336
61416
61500
61580
61664
61748
61828
61912
61996
62076
62160
62244
62324
62408
62488
62572
62656
62736
62820
62900
62984
63068
63148
63232
63312
63396
63480
63560
63644
63728
63808
63892
63976
64060
64140
64224
64308
64388
64472
64552
64636
64720
64800
64884
64968
65048
65132
65216
65296
65380
65464
8
92
176
256
340
420
504
584
668
752
832
916
996
1080
1164
1244
1328
1408
1492
1576
1660
1740
1824
1904
1988
2068
2152
2236
2316
2400
2484
2564
2648
2728
2812
2892
2976
3060
3140
3224
3304
3388
3472
3552
3636
3716
3800
3884
3964
4048
4128
4212
4292
4376
4460
4540
4624
4708
4792
4872
4956
5040
5120
5204
5288
5368
5452
5536
5620
5700
5784
5864
5948
6028
6112
6196
6276
6360
6440
6524
6608
6688
6772
6856
6936
7020
7104
7184
7268
7348
7432
7516
7596
7680
7764
7848
7928
8012
8096
8180
8260
8344
8424
8508
8588
8672
8756
8836
8920
9000
9084
9168
9248
9332
9412
9496
9576
9660
9744
9824
9908
9992
10072
10156
10236
10320
10404
10484
10568
10648
10732
10816
10896
10980
11060
11144
11224
11308
11392
11472
11556
11640
11720
11804
11888
11968
12052
12136
12216
12300
12380
12464
12544
12628
12712
12792
12876
12944
12960
13040
13124
13208
13288
13372
13452
13536
13620
13700
13784
13868
13948
14032
14112
14196
14280
14360
14444
14528
14612
14692
14776
14860
14940
15024
15108
15188
15272
15356
15436
15520
15600
15684
15768
15848
15932
16012
16096
16180
16260
16344
16428
16512
16592
16676
16756
16840
16924
17004
17088
17168
17252
17336
17416
17500
17580
17664
17748
17828
17912
17996
18076
18160
18244
18324
18408
18488
18572
18656
18736
18820
18900
18984
19064
19148
19228
19312
19396
19476
19560
19640
19724
19808
19888
19972
20056
20136
20220
20304
20384
20468
20552
20632
20716
20796
20880
20964
21044
21128
21212
21292
21376
21460
21540
21624
21704
21788
21872
21952
22036
22120
22200
22284
22364
22448
22528
22612
22696
22776
22860
22944
23028
23108
23192
23276
23356
23440
23524
23604
23688
23772
23852
23936
24020
24100
24184
24268
24348
24432
24516
24596
24680
24764
24844
24928
25008
25092
25176
25256
25340
25420
25504
25588
25668
25752
25832
25916
25996
26080
26164
26248
26328
26412
26496
26576
26660
26740
26824
26908
26988
27072
27152
27236
27320
27400
27484
27564
27648
27732
27812
27896
27976
28060
28144
0
