19300
19348
19460
19568
19676
19788
19896
20008
20116
20224
20332
20444
20552
20660
20768
20876
20988
21096
21204
21316
21424
21532
21644
21752
21860
21968
22080
22188
22296
22404
22512
22624
22732
22840
22948
23056
23164
23272
23380
23492
23600
23680
23688
23700
23712
23816
23928
24036
24144
24256
24364
24472
24584
24688
24796
24904
25016
25120
25232
25340
25448
25560
25668
25776
25884
25992
26104
26212
26320
26432
26540
26648
26756
26864
26972
27080
27188
27300
27408
27492
27516
27624
27732
27840
27952
28060
28172
28276
28388
28496
28608
28716
28824
28932
29044
29152
29260
29368
29476
29588
29696
29804
29916
30024
30132
30244
30352
30460
30572
30680
30792
30900
31012
31120
31228
31336
31444
31552
31660
31768
31880
31988
32096
32208
32316
32424
32536
32644
32752
32860
32972
33080
33188
33296
33408
33516
33624
33732
33840
33948
34056
34164
34276
34384
34492
34572
34584
34604
34712
34824
34932
35040
35148
35260
35368
35476
35584
35692
35800
35908
36016
36124
36232
36340
36408
36420
36432
36448
36560
36668
36776
36884
36992
37104
37212
37320
37432
37540
37648
37756
37864
37972
38084
38192
38300
38408
38516
38624
38736
38844
38952
39064
39172
39280
39388
39500
39608
39716
39824
39936
40044
40152
40260
40372
40480
40588
40700
40808
40916
41024
41136
41244
41352
41464
41572
41684
41792
41900
42012
42120
42228
42336
42444
42552
42660
42772
42880
42988
43100
43208
43276
43284
43316
43428
43536
43644
43752
43864
43972
44080
44192
44300
44408
44516
44624
44732
44840
44948
45056
45168
45276
45384
45456
45464
45476
45496
45604
45712
45824
45932
46040
46148
46260
46368
46476
46584
46692
46800
46908
47016
47124
47232
47296
47308
47316
47328
47344
47452
47560
47668
47776
47888
47996
48104
48216
48324
48432
48540
48648
48756
48864
48972
49084
49192
49300
49408
49516
49628
49736
49844
49956
50064
50172
50284
50392
50500
50612
50720
50828
50936
51048
51156
51264
51372
51480
51592
51700
51808
51916
52028
52136
52244
52356
52464
52576
52684
52792
52904
53012
53120
53228
53336
53444
53552
53664
53772
53884
53992
54100
54156
54168
54212
54320
54428
54536
54648
54756
54864
54976
55084
55192
55304
55408
55516
55624
55732
55840
55948
56060
56168
56276
56332
56352
56360
56372
56384
56496
56604
56712
56824
56932
57040
57148
57256
57368
57476
57584
57692
57800
57908
58016
58128
58184
58208
58216
58236
58344
58452
58560
58672
58780
58888
59000
59108
59216
59324
59432
59540
59648
59756
59868
59976
60084
60192
60300
60408
60520
60628
60736
60848
60956
61064
61172
61284
61392
61500
61612
61720
61828
61940
62048
62156
62264
62372
62484
62592
62700
62812
62920
63028
63136
63248
63356
63468
63576
63688
63796
63904
64012
64120
64228
64336
64444
64556
64664
64772
64884
64992
65048
65100
65212
65320
65428
0
112
220
328
440
548
656
764
872
980
1088
1196
1308
1416
1524
1632
1680
1692
1704
1716
1724
1744
1852
1960
2072
2180
2288
2396
2508
2616
2724
2832
2940
3048
3156
3264
3372
3480
3552
3564
3576
3588
3700
3808
3916
4024
4136
4244
4352
4460
4572
4680
4788
4896
5004
5112
5224
5332
5440
5548
5656
5764
5876
5984
6092
6200
6308
6420
6528
6636
6748
6856
6964
7076
7184
7292
7400
7512
7620
7728
7840
7948
8056
8164
8276
8384
8492
8604
8712
8820
8932
9040
9148
9260
9368
9476
9584
9692
9800
9912
10020
10128
10240
10348
10404
10456
10568
10676
10784
10892
11000
11112
11220
11328
11436
11544
11652
11764
11872
11980
12088
12196
12304
12416
12524
12584
12596
12604
12632
12744
12852
12960
13072
13180
13288
13396
13504
13612
13724
13828
13936
14048
14156
14264
14372
14448
14460
14472
14480
14588
14700
14808
14916
15024
15136
15244
15352
15460
15572
15680
15788
15896
16004
16112
16220
16328
16440
16548
16656
16764
16876
16984
17092
17200
17312
17420
17532
17640
17748
17856
17968
18076
18184
18292
18400
18512
18620
18728
18836
18948
19056
19164
19276
19384
19492
19604
19712
19824
19932
20040
20148
20256
20368
20476
20584
20692
20800
20912
21020
21128
21240
21296
21304
21348
21460
21568
21676
21784
21892
22004
22112
22220
22328
22436
22544
22656
22764
22872
22980
23088
23196
23304
23416
23472
23484
23496
23504
23524
23632
23740
23852
23960
24068
24180
24288
24396
24504
24612
24720
24828
24936
25044
25156
25264
25372
25480
25592
25700
25808
25916
26028
26136
26244
26352
26464
26572
26680
26788
26896
27004
27112
27220
27332
27440
27548
27656
27764
27876
27984
28092
28200
28312
28420
28528
28640
28748
28856
28968
29076
29184
29292
29400
29512
29620
29728
29840
29948
30056
30164
30276
30384
30496
30604
30716
30824
30932
31040
31148
31256
31364
31472
31584
31692
31800
31912
32020
32128
32240
32348
32456
32564
32632
32676
32784
32892
33004
33112
33220
33328
33436
33544
33652
33764
33872
33980
34088
34200
34308
34376
34384
34396
34416
34524
34636
34744
34852
34964
35072
35180
35288
35396
35504
35612
35720
35828
35936
36044
36152
36220
36232
36240
36252
36264
36372
36480
36588
36700
36808
36916
37028
37136
37244
37352
37464
37572
37680
37788
37896
38004
38112
38224
38332
38440
38548
38656
38764
38876
38984
39092
39204
39312
39420
39532
39640
39748
39860
39968
40076
40184
40292
40404
40512
40620
40728
40840
40948
41056
41168
41276
41384
41496
41604
41716
41824
41932
42040
42148
42256
42364
42476
42584
42692
42804
42912
43020
43076
43088
43132
43240
43348
43456
43568
43676
43784
43892
44004
44112
44220
44328
44436
44544
44652
44764
44872
44980
45088
45200
45272
45284
45296
45308
45416
45528
45636
45744
45852
45964
46072
46180
46288
46396
46504
46612
46720
46828
46936
47048
47112
47124
47132
47144
47156
47164
47264
47372
47480
47588
47700
47808
47916
48028
48136
48244
48352
48460
48572
48680
48788
48896
49004
49112
49224
49332
49440
49548
49660
49768
49876
49984
50096
50204
50312
50424
50532
50640
50752
50860
50968
51076
51184
51292
51404
51512
51620
51732
51840
51948
52060
52168
52276
52388
52496
52608
52716
52824
52932
53040
53152
53256
53368
53476
53584
53696
53804
53912
54024
54132
54240
54348
54460
54568
54676
54788
54896
55004
55112
55220
55328
55436
55548
55652
55764
55872
55980
56088
56152
56160
56172
56184
56196
56308
56416
56528
56636
56744
56852
56964
57072
57180
57288
57396
57504
57612
57720
57828
57940
58000
58048
58156
58264
58376
58484
58592
58700
58812
58920
59028
59136
59244
59356
59464
59572
59680
59788
59896
60004
60112
60220
60332
60440
60548
60660
60768
60876
60984
61096
61204
61316
61424
61532
61640
61752
61860
61968
62076
62184
62296
62404
62512
62624
62732
62840
62948
63060
63168
63280
63388
63496
63604
63716
63824
63932
64040
64148
64256
64368
64476
64584
64696
64804
64864
64872
64912
65024
65132
65240
65348
65460
32
140
248
360
468
576
684
792
900
1008
1116
1228
1336
1444
1508
1520
1528
1540
1556
1664
1772
1884
1992
2100
2208
2320
2428
2536
2644
2752
2856
2964
3076
3184
3292
3400
3512
3620
3728
3836
3948
4056
4164
4276
4384
4492
4600
4708
4820
4928
5036
5144
5252
5360
5468
5576
5688
5796
5904
6012
6120
6232
6340
6452
6560
6668
6780
6888
6996
7104
7212
7324
7432
7540
7648
7760
7868
7976
8088
8200
8304
8416
8524
8636
8744
8852
8964
9072
9180
9288
9396
9504
9612
9724
9832
9940
10052
10160
10220
10232
10268
10376
10488
10596
10704
10812
10924
11032
11140
11248
11356
11468
11576
11684
11792
11900
12008
12116
12228
12336
12400
12412
12424
12436
12444
12556
12664
12772
12884
12992
13100
13208
13320
13428
13536
13644
13752
13860
13968
14076
14184
14268
14280
14288
14300
14404
14512
14620
14728
14836
14948
15056
15164
15272
15384
15492
15600
15708
15816
15924
16032
16144
16252
16360
16468
16580
16688
16796
16908
17012
17124
17232
17344
17452
17560
17668
17780
17888
17996
18104
18212
18324
18432
18540
18648
18760
18868
18976
19088
19196
19304
19416
19524
19636
19744
19852
19964
20072
20180
20288
20396
20504
20616
20724
20832
20944
21052
21108
21116
21160
21272
21380
21488
21596
21708
21816
21924
22032
22140
22252
22360
22468
22576
22684
22792
22900
23008
23116
23228
23308
23316
23336
23444
23556
23664
23772
23884
23992
24100
24208
24316
24424
24536
24640
24748
24860
24968
25076
25136
25152
25160
25184
25296
25404
25512
25620
25728
25840
25948
26056
26168
26276
26384
26492
26600
26708
26816
26924
27032
27124
27144
27252
27360
27468
27576
27688
27796
27904
28012
28124
28232
28344
28452
28560
28672
28780
28888
28996
29104
29216
29324
29432
29540
29652
29760
29868
29976
30088
30196
30304
30416
30524
30636
30744
30852
30960
31068
31176
31284
31396
31504
31612
31724
31832
31940
31996
32008
32052
32160
32268
32376
32488
32596
32704
32816
32924
33032
33140
33248
33356
33464
33576
33684
33792
33900
34008
34120
34188
34204
34216
34228
34236
34336
34444
34556
34664
34772
34880
34992
35100
35208
35316
35424
35532
35640
35748
35856
35964
36036
36076
36184
36292
36400
36512
36620
36728
36840
36948
37056
37164
37272
37384
37492
37600
37708
37816
37924
38032
38044
38140
38248
38360
38468
38576
38688
38796
38904
39016
39124
39232
39340
39452
39560
39668
39776
39888
39996
40104
40212
40324
40432
40540
40648
40760
40868
40976
41088
41196
41308
41416
41528
41636
41744
41852
41960
42068
42176
42284
42396
42504
42612
42724
42832
42888
42940
43052
43160
43268
43376
43484
43596
43704
43812
43920
44032
44140
44248
44356
44464
44572
44680
44792
44900
45008
45084
45092
45116
45228
45336
45444
45556
45664
45772
45880
45988
46100
46208
46316
46420
46532
46640
46748
46856
46940
46964
47072
47184
47292
47400
47508
47620
47728
47836
47944
48052
48164
48272
48380
48488
48596
48704
48812
48912
48920
48932
49032
49140
49248
49360
49468
49576
49684
49792
49904
50012
50124
50232
50340
50448
50560
50668
50776
50884
50992
51104
51212
51320
51432
51540
51648
51756
51868
51976
52088
52196
52308
52416
52524
52632
52740
52852
52960
53068
53176
53284
53396
53504
53612
53720
53832
53940
54052
54160
54268
54376
54484
54596
54704
54812
54920
55028
55136
55244
55352
55460
55572
55680
55788
55896
55980
55988
56008
56116
56224
56336
56444
56552
56664
56772
56880
56988
57096
57204
57312
57420
57528
57636
57748
57820
57832
57856
57964
58072
58180
58288
58400
58508
58616
58728
58836
58944
59052
59160
59268
59376
59488
59596
59704
59812
59920
60028
60140
60248
60356
60468
60576
60684
60792
60904
61012
61120
61232
61340
61452
61556
61668
61776
61884
61992
62104
62212
62320
62428
62536
62648
62756
62864
62976
63084
63196
63304
63416
63524
63632
63740
63848
63956
64064
64176
64284
64392
64504
64612
64720
64832
64940
65048
65156
65264
65376
65484
56
164
276
384
492
600
708
816
924
1032
1144
1252
1328
1360
1468
1580
1688
1796
1908
2016
2124
2232
2340
2448
2556
2664
2772
2880
2992
3100
3208
3316
3428
3536
3644
3752
3864
3972
4080
4188
4300
4408
4516
4624
4732
4840
4948
5056
5164
5272
5384
5492
5600
5712
5820
5928
6036
6152
6256
6364
6476
6584
6692
6800
6908
7020
7128
7236
7344
7456
7564
7672
7784
7892
8000
8112
8220
8328
8440
8548
8660
8768
8876
8984
9092
9200
9308
9420
9528
9636
9744
9856
9964
10020
10028
10072
10184
10292
10400
10508
10620
10728
10836
10944
11056
11164
11272
11380
11488
11596
11704
11812
11924
12032
12140
12220
12232
12252
12360
12468
12580
12688
12796
12904
13012
13120
13232
13340
13448
13556
13664
13772
13880
13988
14060
14072
14080
14096
14204
14312
14424
14532
14640
14748
14860
14968
15076
15184
15296
15404
15512
15620
15728
15836
15944
16028
16052
16064
16164
16272
16380
16492
16600
16708
16816
16924
17036
17144
17252
17364
17472
17580
17688
17800
17908
18016
18124
18236
18344
18452
18564
18672
18780
18888
19000
19108
19216
19328
19440
19548
19656
19764
19872
19984
20088
20200
20308
20416
20524
20636
20744
20852
20912
20920
20964
21072
21180
21288
21400
21512
21616
21724
21836
21944
22052
22160
22268
22376
22484
22592
22700
22812
22920
23028
23092
23100
23128
23140
23248
23356
23468
23576
23684
23792
23904
24012
24120
24228
24336
24444
24552
24660
24768
24876
24988
25096
25204
25312
25420
25532
25640
25748
25856
25968
26076
26184
26292
26400
26508
26616
26724
26836
26944
27052
27160
27268
27380
27488
27596
27704
27816
27924
28036
28144
28252
28360
28472
28580
28688
28796
28904
29016
29124
29232
29340
29448
29560
29668
29776
29888
29996
30108
30216
30328
30436
30544
30652
30760
30872
30980
31088
31196
31304
31416
31524
31632
31740
31852
31960
32068
32176
32288
32396
32504
32612
32724
32832
32940
33048
33160
33264
33372
33484
33592
33700
33808
33916
33988
34000
34008
34020
34032
34136
34244
34352
34460
34572
34680
34788
34896
35004
35112
35220
35332
35440
35548
35656
35764
35852
35876
35984
36092
36200
36308
36420
36528
36636
36748
36856
36964
37072
37180
37288
37396
37504
37612
37724
37832
37840
37940
38048
38156
38268
38376
38484
38596
38704
38812
38920
39032
39140
39248
39356
39468
39576
39684
39792
39900
40012
40120
40228
40340
40448
40556
40664
40776
40884
40996
41104
41216
41324
41432
41540
41648
41760
41868
41972
42084
42192
42300
42412
42520
42628
42740
42848
42956
43064
43172
43284
43392
43500
43612
43720
43828
43936
44044
44152
44260
44368
44480
44588
44696
44804
44884
44896
44916
45024
45132
45244
45352
45460
45568
45680
45788
45896
46004
46112
46220
46328
46436
46544
46652
46760
46868
46980
47088
47196
47304
47416
47524
47632
47740
47852
47960
48068
48176
48284
48392
48500
48608
48720
48828
48936
49044
49156
49264
49372
49480
49588
49700
49808
49916
50028
50136
50244
50352
50464
50572
50680
50788
50896
51008
51116
51224
51336
51444
51552
51660
51772
51880
51992
52100
52212
52320
52428
52536
52644
52752
52860
52972
53080
53188
53300
53408
53516
53628
53736
53844
53952
54060
54172
54280
54388
54496
54604
54712
54820
54932
55040
55148
55256
55364
55472
55584
55692
55776
55800
55912
56020
56128
56240
56348
56456
56564
56672
56780
56888
56996
57104
57212
57320
57432
57540
57620
57628
57648
57756
57864
57976
58084
58192
58300
58412
58520
58628
58736
58844
58956
59060
59168
59276
59388
59496
59604
59712
59824
59932
60040
60148
60260
60368
60476
60588
60696
60804
60916
61024
61132
61240
61352
61460
61568
61676
61784
61892
62004
62112
62220
62328
62440
62548
62656
62768
62876
62988
63096
63204
63316
63424
63532
63640
63748
63856
63968
64076
64184
64292
64400
64412
64460
64472
64512
64620
64732
64840
64948
65056
65168
65276
65384
65492
64
172
284
392
500
608
716
824
932
1040
1116
1136
1148
1156
1260
1368
1480
1588
1696
1804
1912
2024
2132
2240
2348
2456
2564
2672
2780
2892
2984
3000
3108
3216
3324
3436
3544
3652
3760
3872
3980
4088
4196
4304
4412
4520
4628
4736
4848
4956
5064
5172
5280
5392
5500
5608
5716
5828
5936
6048
6156
6264
6372
6484
6592
6700
6808
6916
7024
7136
7244
7352
7464
7572
7680
7788
7900
8008
8120
8228
8340
8448
8556
8664
8772
8884
8992
9096
9208
9316
9424
9536
9644
9752
9864
9972
10080
10188
10300
10408
10516
10624
10736
10844
10952
11060
11168
11276
11384
11492
11604
11712
11820
11928
12032
12044
12148
12256
12368
12476
12584
12692
12804
12912
13020
13128
0
