19300
19304
19380
19452
19528
19600
19676
19752
19824
19900
19972
20048
20120
20196
20272
20344
20420
20492
20568
20640
20716
20792
20864
20940
21012
21088
21164
21236
21312
21388
21460
21536
21612
21684
21756
21832
21904
21980
22056
22128
22200
22276
22352
22424
22500
22572
22648
22720
22796
22868
22944
23016
23092
23164
23240
23312
23388
23464
23536
23612
23684
23760
23836
23908
23980
24056
24128
24204
24276
24352
24424
24500
24572
24648
24720
24796
24868
24944
25016
25092
25164
25240
25312
25388
25460
25536
25608
25684
25756
25832
25908
25984
26056
26132
26204
26280
26352
26428
26504
26576
26652
26724
26800
26872
26948
27024
27096
27172
27244
27320
27392
27468
27540
27616
27692
27764
27840
27912
27988
28060
28136
28212
28284
28360
28432
28508
28584
28656
28732
28808
28880
28956
29032
29104
29176
29252
29324
29400
29476
29548
29624
29696
29772
29844
29920
29996
30068
30144
30216
30292
30364
30440
30512
30588
30660
30736
30808
30884
30956
31032
31104
31180
31256
31328
31404
31476
31536
31552
31624
31700
31772
31848
31920
31996
32068
32144
32216
32292
32364
32440
32512
32588
32660
32736
32808
32884
32960
33032
33108
33180
33256
33332
33404
33480
33552
33628
33700
33776
33848
33924
33996
34072
34148
34220
34296
34368
34444
34516
34592
34668
34740
34816
34888
34964
35040
35112
35188
35260
35336
35412
35484
35560
35632
35708
35780
35856
35932
36004
36080
36156
36228
36304
36376
36452
36524
36600
36676
36748
36824
36896
36972
37044
37120
37192
37268
37340
37416
37492
37564
37640
37712
37788
37860
37936
38008
38084
38156
38232
38308
38380
38456
38528
38604
38676
38752
38824
38900
38972
39048
39124
39196
39268
39344
39416
39492
39564
39640
39712
39788
39860
39936
40008
40084
40156
40232
40308
40380
40456
40528
40604
40676
40752
40828
40904
40976
41052
41124
41200
41272
41348
41420
41496
41536
41544
41568
41644
41720
41792
41868
41940
42016
42088
42164
42236
42312
42388
42460
42536
42612
42684
42760
42832
42908
42980
43056
43128
43204
43280
43352
43428
43504
43576
43652
43728
43800
43876
43948
44024
44096
44172
44244
44320
44392
44468
44540
44616
44688
44764
44840
44912
44988
45064
45136
45208
45284
45356
45432
45504
45580
45652
45728
45804
45876
45952
46024
46100
46172
46248
46320
46396
46472
46544
46620
46692
46764
46840
46912
46988
47060
47136
47212
47284
47356
47432
47504
47580
47652
47728
47804
47876
47952
48024
48100
48176
48248
48324
48400
48472
48544
48620
48696
48768
48844
48916
48964
48976
48992
49068
49140
49216
49288
49364
49436
49512
49584
49660
49736
49808
49884
49956
50032
50104
50184
50252
50328
50404
50476
50552
50624
50700
50776
50848
50924
50996
51072
51148
51220
51296
51372
51444
51520
51592
51668
51740
51816
51888
51964
52036
52112
52188
52260
52336
52408
52484
52556
52632
52704
52780
52852
52928
53000
53076
53148
53224
53296
53372
53448
53520
53596
53668
53744
53816
53892
53968
54040
54112
54188
54260
54336
54408
54484
54560
54632
54708
54780
54856
54928
55004
55076
55152
55224
55304
55372
55448
55520
55596
55672
55744
55820
55896
55968
56040
56116
56192
56264
56340
56412
56488
56560
56636
56712
56784
56860
56932
57008
57084
57156
57232
57304
57380
57456
57528
57604
57680
57752
57828
57900
57976
58048
58124
58196
58272
58348
58420
58496
58572
58644
58720
58792
58868
58940
59016
59088
59164
59236
59312
59384
59460
59536
59608
59684
59756
59832
59908
59980
60056
60128
60200
60276
60352
60424
60500
60572
60648
60724
60796
60872
60944
61020
61092
61168
61240
61316
61388
61464
61536
61608
61684
61756
61832
61908
61980
62056
62128
62204
62276
62352
62424
62500
62572
62648
62720
62796
62872
62944
63020
63096
63168
63244
63316
63392
63464
63540
63612
63688
63760
63836
63912
63984
64060
64132
64208
64280
64356
64432
64504
64580
64652
64728
64804
64876
64952
65024
65100
65172
65248
65324
65396
65472
8
84
160
232
308
380
456
532
604
680
752
828
900
976
1048
1124
1196
1272
1344
1420
1492
1568
1644
1716
1792
1864
1940
2012
2088
2160
2236
2308
2384
2460
2532
2608
2680
2756
2832
2904
2976
3052
3128
3200
3272
3348
3420
3496
3568
3644
3716
3792
3864
3940
4012
4088
4160
4236
4308
4384
4456
4532
4604
4680
4752
4828
4904
4980
5052
5128
5200
5276
5348
5424
5496
5572
5644
5720
5796
5868
5944
6016
6092
6164
6240
6312
6388
6460
6536
6612
6684
6760
6832
6908
6984
7056
7132
7204
7280
7352
7428
7500
7576
7652
7724
7800
7876
7948
8024
8096
8172
8244
8320
8396
8468
8544
8616
8688
8764
8840
8912
8988
9060
9136
9208
9284
9356
9432
9504
9580
9652
9728
9800
9876
9948
10024
10096
10172
10248
10320
10396
10468
10544
10616
10692
10764
10840
10912
10988
11060
11136
11208
11284
11356
11432
11504
11580
11652
11728
11800
11876
11948
12024
12096
12172
12244
12320
12396
12468
12544
12616
12692
12764
12840
12916
12988
13064
13136
13212
13288
13360
13436
13508
13584
13656
13732
13808
13880
13956
14028
14104
14180
14252
14328
14400
14476
14548
14624
14696
14772
14844
14920
14996
15068
15144
15216
15292
15368
15440
15516
15588
15664
15736
15812
15884
15960
16032
16108
16184
16256
16332
16408
16480
16552
16628
16704
16776
16848
16916
16928
16996
17072
17148
17220
17296
17368
17444
17516
17592
17664
17740
17812
17888
17960
18036
18108
18184
18256
18332
18404
18480
18552
18628
18700
18776
18848
18924
19000
19072
19148
19220
19296
19368
19444
19516
19592
19664
19740
19816
19888
19964
20036
20112
20184
20260
20332
20408
20480
20536
20556
20628
20704
20780
20852
20928
21000
21076
21152
21224
21300
21372
21448
21524
21596
21672
21744
21820
21892
21968
22044
22116
22192
22268
22340
22416
22488
22564
22636
22712
22784
22860
22936
23008
23084
23156
23232
23304
23380
23452
23528
23600
23676
23748
23824
23896
23972
24048
24120
24196
24268
24344
24416
24492
24564
24640
24712
24788
24860
24936
25012
25084
25160
25232
25308
25380
25456
25528
25604
25676
25748
25824
25896
25972
26044
26120
26196
26268
26340
26416
26488
26564
26640
26712
26788
26860
26936
27008
27084
27160
27232
27308
27380
27456
27528
27604
27676
27752
27824
27900
27940
27952
27976
28048
28124
28196
28272
28344
28420
28496
28568
28640
28716
28792
28864
28940
29012
29088
29164
29236
29312
29384
29460
29532
29608
29684
29756
29832
29904
29980
30052
30128
30204
30276
30352
30424
30500
30572
30648
30720
30796
30868
30944
31016
31092
31164
31240
31312
31388
31464
31536
31612
31684
31756
31832
31904
31980
32056
32128
32204
32276
32352
32424
32500
32572
32648
32724
32796
32868
32944
33016
33092
33164
33240
33312
33388
33460
33536
33608
33684
33756
33832
33904
33980
34052
34128
34200
34276
34352
34424
34496
34572
34648
34720
34796
34868
34944
35020
35092
35168
35240
35316
35376
35388
35400
35464
35540
35612
35688
35760
35836
35912
35984
36060
36132
36208
36280
36356
36428
36504
36576
36652
36724
36800
36876
36948
37024
37060
37096
37172
37244
37320
37396
37468
37544
37616
37692
37768
37840
37916
37988
38064
38136
38212
38284
38360
38432
38508
38584
38656
38728
38804
38880
38952
39028
39100
39172
39248
39320
39396
39472
39544
39620
39692
39768
39840
39916
39988
40064
40136
40212
40284
40360
40432
40508
40580
40656
40728
40804
40876
40952
41024
41100
41172
41248
41320
41396
41468
41544
41616
41692
41764
41840
41912
41992
42064
42136
42212
42284
42360
42432
42508
42580
42656
42728
42804
42860
42880
42952
43028
43100
43176
43248
43324
43396
43472
43548
43620
43696
43768
43844
43920
43992
44068
44140
44216
44288
44364
44436
44512
44588
44660
44736
44808
44884
44956
45032
45108
45180
45252
45328
45400
45476
45548
45624
45696
45772
45848
45920
45996
46068
46144
46216
46292
46364
46440
46512
46588
46660
46736
46808
46884
46956
47032
47104
47180
47256
47328
47404
47476
47548
47624
47696
47772
47844
47920
47992
48064
48140
48212
48288
48364
48436
48512
48584
48660
48732
48808
48880
48956
49028
49104
49176
49252
49324
49400
49476
49548
49624
49696
49768
49844
49920
49992
50068
50140
50216
50288
50364
50436
50512
50584
50660
50732
50808
50880
50956
51028
51104
51180
51252
51328
51400
51476
51548
51624
51700
51772
51848
51920
51996
52068
52144
52216
52292
52368
52440
52516
52588
52664
52736
52812
52884
52960
53032
53104
53180
53256
53328
53404
53476
53548
53624
53700
53772
53848
53920
53992
54068
54140
54216
54288
54364
54440
54512
54588
54660
54736
54808
54884
54956
55032
55104
55180
55252
55324
55400
55472
55548
55620
55696
55768
55844
55916
55992
56064
56140
56212
56288
56360
56436
56508
56584
56656
56732
56804
56880
56956
57028
57104
57176
57252
57324
57400
57472
57548
57620
57632
57696
57772
57844
57916
57992
58068
58140
58216
58288
58364
58436
58512
58584
58660
58732
58808
58880
58956
59028
59104
59176
59252
59328
59400
59476
59548
59624
59696
59772
59844
59920
59996
60068
60144
60216
60292
60364
60440
60512
60588
60660
60736
60808
60884
60956
61032
61104
61180
61252
61324
61400
61472
61548
61620
61696
61772
61844
61916
61992
62064
62140
62212
62288
62360
62436
62508
62584
62656
62732
62804
62880
62952
63028
63100
63176
63248
63324
63396
63472
63544
63620
63692
63768
63840
63916
63988
64060
64136
64212
64288
64360
64432
64508
64580
64656
64728
64804
64876
64952
65020
65032
65064
65072
65100
65172
65248
65320
65396
65472
8
84
156
232
304
380
456
528
604
676
752
824
900
972
1048
1120
1196
1268
1344
1416
1492
1564
1640
1712
1788
1860
1936
2008
2084
2160
2232
2304
2380
2452
2528
2604
2676
2752
2824
2900
2972
3048
3120
3192
3268
3340
3416
3492
3564
3636
3712
3784
3860
3932
4008
4080
4156
4228
4304
4376
4452
4524
4596
4672
4744
4820
4892
4968
5040
5116
5188
5264
5336
5412
5484
5560
5632
5708
5780
5856
5928
6004
6076
6152
6224
6300
6372
6448
6520
6596
6668
6740
6816
6892
6964
7040
7112
7188
7260
7336
7408
7484
7556
7632
7704
7780
7856
7928
8004
8076
8152
8224
8300
8372
8448
8520
8596
8668
8744
8820
8892
8968
9040
9116
9188
9260
9336
9408
9484
9556
9632
9704
9780
9852
9928
10000
10076
10148
10224
10296
10372
10444
10520
10592
10664
10740
10816
10888
10964
11036
11112
11184
11260
11332
11408
11480
11552
11628
11700
11776
11848
11924
11996
12068
12144
12216
12292
12364
12440
12512
12584
12660
12736
12808
12884
12956
13032
13104
13176
13252
13324
13400
13476
13548
13624
13696
13772
13844
13916
13992
14064
14140
14216
14288
14360
14436
14508
14584
14656
14732
14804
14880
14952
15028
15100
15176
15252
15324
15400
15472
15548
15620
15696
15768
15844
15916
15992
16064
16140
16212
16288
16360
16436
16512
16584
16660
16732
16808
16880
16956
17028
17100
17176
17248
17324
17396
17472
17544
17616
17692
17768
17840
17912
17988
18060
18136
18208
18284
18356
18432
18504
18580
18652
18728
18800
18876
18948
19024
19096
19172
19244
19316
19392
19464
19536
19612
19684
19760
19832
19908
19980
20056
20128
20204
20276
20352
20424
20500
20572
20644
20720
20792
20868
20944
21016
21092
21164
21240
21312
21384
21460
21532
21608
21680
21692
21732
21740
21756
21832
21904
21976
22052
22128
22200
22276
22348
22420
22496
22572
22644
22720
22792
22868
22940
23012
23088
23164
23236
23308
23384
23456
23532
23608
23680
23756
23828
23904
23976
24052
24124
24200
24272
24348
24420
24492
24568
24640
24716
24788
24864
24936
25012
25084
25160
25232
25308
25380
25452
25528
25600
25676
25748
25824
25900
25972
26044
26120
26192
26260
26268
26340
26412
26488
26560
26636
26708
26784
26856
26928
27004
27076
27152
27224
27300
27372
27448
27520
27596
27668
27744
27816
27892
27964
28040
28112
28184
28260
28336
28408
28484
28556
28628
28704
28776
28852
28924
28996
29072
29144
29220
29292
29368
29440
29516
29588
29664
29740
29812
29888
29960
30036
30108
30184
30256
30332
30404
30480
30556
30628
30700
30776
30848
30924
30996
31072
31144
31220
31292
31368
31440
31516
31588
31660
31736
31808
31884
31956
32032
32104
32180
32252
32328
32400
32476
32548
32624
32696
32772
32844
32916
32992
33068
33140
33212
33288
33360
33436
33508
33584
33656
33728
33804
33876
33952
34024
34096
34172
34244
34320
34392
34464
34540
34612
34688
34760
34836
34908
34984
35056
35132
35204
35280
35352
35424
35500
35572
35648
35724
35796
35868
35944
36016
36092
36164
36240
36312
36388
36444
36452
36464
36536
36608
36680
36756
36828
36904
36980
37052
37124
37200
37272
37348
37424
37496
37572
37644
37720
37792
37868
37940
38012
38088
38164
38236
38308
38384
38456
38532
38608
38680
38756
38828
38900
38976
39048
39124
39196
39272
39344
39416
39492
39564
39640
39712
39788
39860
39936
40008
40084
40156
40228
40304
40376
40452
40524
40600
40672
40748
40820
40896
40968
41040
41116
41188
41264
41336
41408
41484
41556
41628
41704
41776
41852
41924
42000
42072
42144
42220
42292
42368
42440
42516
42588
42664
42736
42808
42884
42956
43032
43108
43180
43256
43328
43400
43476
43548
43624
43696
43772
43824
43832
43844
43856
43920
43992
44064
44140
44212
44288
44360
44436
44508
44584
44656
44732
44804
44880
44952
45028
45100
45176
45248
45324
45396
45472
45544
45620
45692
45768
45840
45916
45988
46064
46136
46212
46284
46356
46432
46504
46580
46652
46724
46800
46872
46948
47020
47096
47168
47244
47316
47388
47464
47536
47612
47684
47756
47832
47904
47980
48052
48128
48200
48276
48348
48424
48496
48568
48644
48716
48792
48864
48936
49012
49084
49160
49232
49304
49380
49452
49524
49600
49672
49748
49820
49896
49968
50044
50116
50192
50264
50336
50412
50488
50560
50632
50708
50780
50852
50928
51000
51076
51148
51224
51296
51372
51444
51520
51592
51668
51740
51816
51888
51964
52036
52108
52184
52260
52332
52404
52480
52552
52628
52700
52776
52848
52924
52996
53072
53144
53216
53292
53368
53440
53516
53588
53660
53736
53808
53880
53956
54028
54104
54176
54252
54324
54400
54472
54544
54620
54692
54768
54840
54916
54988
55060
55136
55208
55284
55356
55432
55504
55576
55652
55724
55800
55872
55944
56020
56092
56168
56240
56312
56384
56460
56532
56608
56680
56756
56828
56900
56976
57048
57124
57196
57272
57344
57416
57492
57564
57640
57712
57788
57860
57936
58008
58084
58156
58228
58300
58376
58448
58524
58580
58592
58600
58672
58744
58816
58892
58964
59040
59112
59188
59260
59336
59408
59484
59556
59632
59704
59780
59852
59928
60000
60076
60148
60224
60296
60368
60444
60516
60592
60664
60740
60812
60888
60960
61032
61108
61180
61256
61328
61400
61476
61548
61624
61696
61772
61844
61916
61992
62064
62140
62212
62288
62360
62432
62508
62580
62656
62728
62804
62876
62948
63024
63096
63172
63244
63316
63392
63464
63536
63612
63684
63756
63832
63904
63980
64052
64124
64200
64272
64348
64420
64492
64568
64640
64716
64788
64864
64936
65012
65084
65156
65232
65304
65380
65452
65524
64
136
212
284
360
408
420
428
440
508
580
652
728
800
876
948
1024
1096
1168
1244
1320
1392
1464
1540
1612
1688
1760
1836
1908
1984
2056
2128
2204
2276
2352
2424
2500
2572
2648
2720
2796
2868
2944
3016
3088
3164
3236
3308
3384
3456
3532
3604
3680
3752
3824
3900
3972
4048
4120
4192
4268
4340
4416
4488
4560
4636
4708
4784
4856
4928
4940
5004
5076
5152
5224
0
