19300
19348
19440
19532
19620
19712
19804
19896
19988
20080
20172
20260
20352
20444
20536
20624
20716
20808
20896
20988
21080
21172
21260
21352
21444
21536
21624
21716
21808
21900
21988
22080
22172
22264
22352
22444
22536
22628
22716
22808
22900
22992
23084
23172
23220
23264
23356
23448
23536
23628
23720
23808
23900
23992
24084
24172
24264
24356
24448
24536
24628
24720
24812
24904
24992
25084
25176
25268
25356
25448
25544
25632
25724
25816
25904
25996
26088
26180
26272
26360
26452
26544
26636
26728
26820
26908
27000
27092
27184
27276
27364
27456
27548
27640
27732
27824
27912
28004
28096
28188
28280
28372
28460
28552
28644
28736
28828
28920
29008
29100
29192
29284
29376
29468
29556
29648
29740
29832
29924
30012
30104
30196
30288
30380
30472
30560
30652
30744
30836
30928
31016
31108
31200
31288
31380
31472
31560
31652
31744
31836
31924
32016
32108
32200
32288
32380
32472
32564
32652
32744
32836
32924
33016
33108
33200
33292
33384
33472
33564
33656
33748
33840
33928
34020
34112
34204
34292
34384
34476
34568
34660
34752
34840
34932
35024
35112
35204
35296
35388
35480
35568
35660
35752
35848
35936
36028
36116
36208
36300
36392
36484
36576
36664
36760
36848
36940
37032
37124
37216
37308
37400
37488
37580
37672
37764
37856
37944
38036
38128
38220
38312
38404
38492
38584
38676
38768
38856
38948
39040
39132
39220
39312
39404
39496
39588
39676
39768
39860
39952
40044
40132
40224
40316
40408
40496
40588
40680
40772
40860
40952
41044
41136
41224
41316
41408
41500
41588
41680
41772
41864
41952
42044
42132
42224
42316
42408
42500
42588
42680
42772
42864
42956
43044
43136
43228
43320
43408
43500
43592
43684
43776
43868
43960
44048
44140
44232
44320
44412
44504
44596
44688
44776
44868
44960
45052
45144
45232
45324
45416
45508
45600
45688
45780
45872
45964
46056
46148
46240
46328
46420
46512
46604
46696
46788
46876
46968
47060
47152
47244
47336
47424
47516
47608
47700
47792
47880
47972
48064
48156
48248
48336
48428
48520
48612
48704
48792
48884
48976
49068
49160
49248
49336
49428
49520
49612
49700
49792
49884
49976
50068
50156
50248
50340
50432
50524
50572
50584
50612
50704
50796
50888
50976
51068
51160
51248
51340
51432
51524
51616
51704
51796
51888
51976
52068
52160
52252
52344
52432
52524
52616
52704
52800
52892
52980
53072
53164
53256
53344
53436
53528
53620
53708
53800
53892
53984
54076
54168
54256
54348
54440
54532
54624
54716
54804
54896
54988
55080
55172
55264
55352
55444
55536
55628
55720
55812
55900
55992
56084
56176
56268
56360
56448
56540
56632
56724
56816
56908
56996
57088
57180
57272
57364
57452
57544
57636
57728
57820
57908
58000
58092
58184
58276
58368
58456
58548
58636
58728
58820
58908
59000
59092
59184
59272
59364
59456
59548
59636
59728
59820
59912
60004
60092
60184
60276
60364
60456
60548
60640
60732
60820
60912
61004
61096
61188
61276
61368
61460
61552
61640
61732
61824
61916
62008
62100
62188
62280
62372
62460
62552
62644
62736
62828
62916
63008
63100
63192
63284
63376
63464
63556
63648
63740
63832
63924
64012
64108
64196
64288
64380
64472
64564
64656
64748
64836
64928
65020
65112
65200
65292
65384
65476
32
124
216
304
396
488
576
668
760
852
940
1032
1124
1216
1308
1400
1488
1580
1672
1764
1856
1948
2036
2128
2220
2308
2400
2492
2584
2672
2764
2856
2948
3036
3128
3220
3312
3400
3492
3584
3672
3764
3856
3944
4036
4128
4220
4312
4400
4492
4584
4676
4768
4856
4948
5040
5132
5220
5312
5404
5496
5588
5680
5772
5860
5952
6044
6136
6224
6316
6408
6500
6592
6684
6772
6864
6956
7048
7136
7228
7320
7412
7504
7596
7688
7776
7868
7960
8052
8144
8236
8328
8416
8508
8600
8692
8780
8872
8964
9056
9148
9240
9332
9420
9512
9604
9696
9788
9880
9968
10060
10152
10244
10332
10424
10516
10608
10696
10788
10880
10972
11060
11152
11244
11332
11424
11516
11608
11700
11788
11880
11972
12064
12156
12244
12336
12428
12516
12608
12700
12792
12880
12972
13064
13156
13244
13336
13428
13520
13608
13700
13792
13884
13972
14064
14156
14248
14336
14428
14520
14612
14704
14796
14884
14976
15068
15156
15248
15340
15432
15524
15588
15596
15616
15708
15796
15888
15980
16072
16164
16256
16344
16436
16528
16620
16712
16804
16892
16984
17076
17168
17260
17348
17440
17532
17624
17716
17804
17896
17988
18080
18172
18264
18352
18444
18536
18628
18720
18812
18900
18992
19084
19176
19268
19356
19452
19540
19632
19724
19816
19908
19996
20088
20176
20268
20360
20452
20540
20632
20724
20812
20904
20996
21088
21176
21268
21360
21448
21540
21632
21724
21816
21904
21996
22088
22180
22268
22360
22452
22544
22636
22724
22816
22908
23000
23088
23180
23272
23364
23452
23544
23636
23728
23820
23912
24000
24092
24184
24272
24364
24456
24548
24636
24696
24704
24728
24820
24912
25004
25096
25184
25276
25368
25460
25552
25644
25736
25824
25916
26008
26100
26192
26284
26376
26468
26560
26648
26740
26832
26924
27016
27104
27196
27288
27380
27472
27564
27656
27744
27836
27928
28016
28108
28200
28288
28380
28472
28564
28656
28748
28836
28928
29020
29112
29204
29292
29384
29476
29568
29656
29748
29840
29932
30020
30112
30204
30296
30384
30476
30568
30660
30748
30840
30932
31020
31112
31204
31292
31384
31476
31568
31660
31752
31840
31932
32024
32112
32204
32296
32388
32480
32568
32660
32752
32844
32936
33028
33120
33208
33300
33392
33480
33572
33664
33756
33812
33848
33936
34028
34120
34212
34304
34396
34484
34576
34668
34760
34852
34944
35032
35124
35216
35308
35400
35492
35580
35672
35764
35856
35948
36040
36128
36220
36312
36404
36496
36588
36680
36768
36860
36952
37044
37132
37224
37316
37408
37500
37588
37680
37772
37864
37952
38044
38136
38228
38320
38408
38500
38592
38680
38772
38864
38956
39048
39136
39228
39320
39412
39504
39592
39684
39776
39868
39956
40048
40140
40228
40320
40408
40504
40592
40684
40776
40864
40956
41048
41140
41232
41320
41412
41504
41596
41684
41776
41868
41960
42052
42140
42232
42324
42416
42504
42596
42688
42780
42872
42960
43052
43144
43236
43328
43420
43508
43600
43692
43784
43876
43968
44056
44148
44240
44332
44424
44516
44604
44696
44788
44880
44972
45064
45152
45244
45336
45428
45520
45612
45700
45792
45884
45976
46068
46156
46248
46340
46432
46520
46612
46704
46796
46888
46980
47068
47160
47252
47344
47436
47524
47616
47708
47796
47888
47980
48072
48160
48252
48344
48432
48524
48616
48708
48796
48888
48980
49072
49160
49252
49344
49432
49524
49616
49708
49800
49888
49980
50072
50164
50256
50344
50436
50528
50620
50712
50800
50892
50984
51076
51168
51256
51348
51440
51532
51620
51712
51804
51896
51984
51996
52036
52076
52168
52260
52348
52440
52532
52624
52716
52808
52896
52988
53080
53172
53264
53356
53448
53536
53628
53720
53812
53904
53996
54088
54180
54272
54360
54452
54544
54636
54728
54816
54908
55000
55092
55180
55272
55364
55456
55544
55636
55728
55820
55912
56000
56092
56184
56276
56364
56456
56548
56640
56728
56820
56912
57004
57092
57184
57276
57368
57456
57548
57640
57732
57820
57912
58004
58096
58188
58276
58368
58460
58548
58640
58732
58824
58912
59004
59096
59188
59276
59368
59460
59552
59644
59732
59824
59916
60004
60096
60188
60280
60372
60464
60556
60644
60736
60828
60920
61012
61100
61192
61284
61376
61468
61560
61648
61740
61832
61924
62016
62108
62196
62288
62380
62472
62564
62656
62744
62836
62928
63020
63112
63204
63296
63384
63476
63568
63660
63752
63844
63936
64028
64116
64208
64300
64392
64484
64572
64664
64756
64848
64940
65028
65120
65212
65304
65396
65488
40
132
224
312
404
496
584
676
768
860
948
1040
1132
1224
1316
1404
1496
1588
1680
1772
1860
1952
2044
2132
2224
2316
2408
2500
2592
2680
2772
2864
2956
3044
3136
3228
3320
3408
3500
3592
3680
3776
3868
3956
4048
4140
4228
4320
4412
4504
4596
4688
4780
4868
4960
5052
5144
5236
5324
5416
5508
5600
5692
5784
5876
5968
6060
6152
6240
6332
6424
6516
6608
6696
6788
6880
6972
7064
7156
7244
7336
7428
7520
7612
7704
7792
7884
7976
8068
8160
8248
8340
8432
8524
8616
8708
8796
8888
8980
9072
9164
9252
9344
9436
9528
9616
9708
9800
9892
9980
10072
10164
10256
10348
10436
10528
10620
10708
10800
10892
10984
11076
11164
11256
11344
11436
11528
11620
11712
11800
11892
11984
12076
12168
12260
12348
12440
12532
12624
12712
12804
12896
12988
13080
13172
13264
13352
13444
13536
13628
13716
13808
13900
13992
14084
14176
14264
14356
14448
14540
14632
14724
14812
14904
14996
15088
15180
15272
15360
15452
15544
15636
15728
15820
15912
16000
16092
16184
16276
16368
16460
16552
16644
16732
16824
16916
17008
17096
17188
17280
17372
17464
17552
17644
17736
17828
17920
18008
18100
18192
18284
18376
18464
18556
18648
18736
18828
18920
19012
19100
19192
19284
19376
19468
19556
19648
19740
19832
19920
20012
20104
20196
20284
20376
20468
20560
20652
20740
20832
20924
21016
21104
21196
21288
21380
21468
21560
21652
21744
21832
21924
22016
22108
22200
22292
22380
22472
22564
22656
22748
22836
22928
23020
23112
23204
23296
23388
23476
23568
23660
23752
23844
23936
24028
24116
24208
24300
24392
24484
24572
24664
24756
24848
24940
25028
25120
25212
25304
25396
25488
25580
25672
25760
25852
25944
26036
26128
26220
26308
26400
26492
26584
26672
26764
26856
26948
27040
27132
27220
27316
27404
27496
27588
27676
27768
27860
27948
28040
28132
28220
28312
28404
28496
28584
28680
28768
28860
28948
29040
29132
29224
29312
29404
29496
29588
29680
29768
29860
29952
30044
30136
30224
30316
30408
30500
30588
30680
30772
30860
30952
31044
31136
31228
31320
31412
31500
31592
31684
31776
31864
31956
32048
32140
32232
32324
32412
32504
32596
32688
32780
32872
32964
33052
33144
33236
33328
33420
33512
33604
33696
33784
33876
33968
34060
34152
34244
34336
34424
34516
34608
34700
34792
34880
34972
35064
35156
35248
35336
35428
35520
35612
35700
35792
35884
35976
36068
36160
36252
36340
36432
36524
36616
36708
36796
36888
36980
37072
37160
37252
37344
37436
37524
37616
37708
37800
37888
37980
38072
38164
38252
38344
38436
38524
38616
38708
38800
38892
38980
39072
39164
39256
39344
39436
39528
39620
39712
39804
39892
39984
40076
40168
40260
40352
40444
40532
40624
40716
40808
40896
40988
41080
41160
41172
41264
41356
41444
41536
41628
41720
41812
41904
41992
42084
42176
42268
42360
42452
42544
42632
42724
42816
42908
43000
43092
43184
43276
43364
43456
43548
43640
43732
43824
43916
44004
44096
44188
44280
44372
44460
44552
44644
44736
44824
44916
45008
45100
45192
45284
45372
45464
45556
45648
45740
45828
45920
46012
46100
46192
46284
46376
46468
46556
46648
46740
46832
46920
47012
47104
47196
47288
47376
47468
47560
47652
47740
47832
47924
48016
48108
48196
48288
48380
48472
48560
48652
48744
48836
48928
49016
49108
49200
49292
49384
49476
49564
49656
49748
49840
49928
50020
50112
50204
50288
50300
50388
50480
50572
50660
50752
50844
50936
51028
51120
51212
51300
51392
51484
51576
51668
51760
51852
51944
52032
52124
52216
52308
52400
52492
52580
52672
52764
52856
52948
53040
53132
53224
53312
53404
53496
53588
53680
53768
53860
53952
54044
54136
54228
54320
54408
54500
54592
54684
54776
54868
54956
55048
55140
55232
55320
55412
55504
55592
55684
55776
55868
55956
56048
56140
56232
56320
56412
56504
56596
56684
56776
56868
56960
57052
57140
57232
57324
57416
57508
57600
57688
57780
57872
57964
58056
58144
58236
58328
58420
58512
58604
58692
58784
58876
58968
59056
59148
59240
59332
59424
59512
59604
59696
59788
59880
59972
60064
60152
60244
60336
60428
60520
60612
60704
60796
60888
60976
61068
61160
61252
61344
61436
61528
61620
61708
61800
61892
61984
62076
62168
62260
62352
62440
62532
62624
62716
62804
62896
62988
63080
63172
63260
63352
63444
63536
63624
63716
63808
63900
63992
64084
64172
64264
64356
64448
64536
64628
64720
64812
64904
64996
65084
65176
65268
65360
65448
65456
8
96
188
276
368
460
548
640
732
824
912
1004
1096
1188
1280
1372
1460
1552
1644
1736
1828
1916
2008
2100
2192
2284
2376
2468
2560
2648
2740
2832
2924
3016
3104
3196
3288
3380
3472
3564
3656
3744
3836
3928
4020
4112
4204
4296
4384
4476
4568
4660
4752
4844
4936
5024
5116
5208
5300
5392
5484
5576
5668
5760
5848
5944
6032
6124
6216
6308
6400
6492
6580
6672
6764
6856
6948
7036
7128
7220
7312
7404
7496
7584
7676
7764
7856
7948
8040
8128
8220
8312
8404
8496
8588
8676
8768
8860
8952
9044
9132
9224
9316
9408
9496
9588
9680
9772
9864
9956
10044
10136
10228
10320
10408
10500
10592
10684
10776
10864
10956
11048
11140
11232
11324
11416
11504
11596
11688
11780
11872
11960
12052
12144
12236
12328
12420
12508
12600
12692
12784
12876
12968
13060
13152
13244
13332
13428
13516
13608
13700
13792
13884
13976
14068
14156
14248
14344
14432
14524
14616
14704
14796
14888
14980
15072
15164
15256
15348
15436
15528
15620
15712
15804
15896
15988
16076
16168
16260
16352
16444
16536
16628
16716
16808
16900
16992
17080
17172
17264
17356
17448
17536
17628
17720
17812
17900
17992
18084
18176
18264
18356
18448
18540
18628
18720
18812
18904
18996
19084
19176
19268
19360
19452
19540
19632
19724
19816
19908
20000
20088
20180
20272
20364
20456
20548
20640
20728
20820
20912
21004
21092
21184
21276
21344
21356
21368
21460
21552
21640
21732
21824
21916
22008
22100
22188
22280
22372
22464
22556
22648
22740
22832
22924
23016
23108
23196
23288
23380
23472
23564
23656
23748
23840
23932
24024
24112
24204
24296
24388
24480
24572
24660
24752
24844
24932
25024
25116
25208
25300
25392
25480
25572
25664
25756
25848
25936
26028
26120
26212
26300
26392
26484
26576
26668
26756
26848
26940
27032
27124
27216
27308
27396
27488
27580
27672
27760
27852
27944
28036
28124
28216
28308
28400
28492
28580
28672
28764
28856
28948
29040
29128
29220
29312
29404
29496
29588
29676
29768
29860
29952
30044
30132
30224
30316
30408
30468
30500
30592
30684
30772
30864
30956
31048
31140
31232
31320
31412
31504
31596
31688
31780
31872
31960
32052
32144
32236
32328
32420
32512
32600
32692
32784
32876
32968
33060
33152
33244
33336
33424
33516
33608
33700
33792
33884
33972
34064
34156
34248
34340
34432
34524
34612
34704
34796
34888
34980
35068
35160
35252
35340
35432
35524
35612
35704
35796
35888
35976
36068
36160
36252
36344
36432
36524
36616
36708
36800
36888
36980
37072
37164
37256
37348
37436
37528
37620
37712
37800
37896
37984
38076
38168
38256
38348
38440
38528
38624
38712
38804
38896
38988
39080
39168
39260
39352
39444
39536
39628
39716
39808
39900
39992
40084
40176
40268
40360
40448
40540
40632
40724
40816
40908
41000
41092
41180
41272
41364
41456
41548
41640
41732
41820
41912
42004
42096
42188
42280
42368
42460
42552
42644
42736
42828
42920
43008
43100
43192
43284
43376
43468
43560
43648
43740
43832
43924
44016
44108
44196
44288
44380
44468
44560
44652
44744
44836
44924
45016
45108
45200
45288
45380
45472
45564
45652
45744
45836
45928
46016
46108
46200
46292
46384
46476
46564
46656
46748
46840
46932
47020
47112
47204
47296
47388
47476
47568
47660
47752
47844
47936
48024
48116
48208
48300
48388
48480
48572
48664
48740
48756
48848
48940
0
