19300
19340
19524
19708
19892
20076
20260
20444
20628
20812
20996
21180
21364
21548
21732
21916
22100
22284
22468
22656
22840
23020
23208
23392
23576
23760
23940
24124
24308
24492
24680
24864
25048
25228
25416
25600
25784
25968
26148
26332
26516
26700
26884
27068
27252
27436
27616
27800
27984
28168
28352
28536
28720
28904
29088
29272
29456
29640
29820
30004
30188
30372
30560
30740
30924
31108
31292
31476
31660
31844
32028
32212
32396
32580
32760
32944
33128
33316
33500
33684
33868
34052
34236
34416
34600
34784
34968
35152
35336
35520
35704
35888
36076
36256
36444
36628
36812
36996
37180
37364
37548
37736
37920
38104
38288
38472
38652
38840
39024
39208
39388
39572
39756
39944
40128
40312
40496
40680
40864
41052
41232
41416
41600
41784
41968
42152
42336
42520
42704
42888
43072
43256
43440
43620
43808
43992
44176
44356
44540
44724
44908
45088
45272
45456
45640
45824
46008
46192
46376
46560
46744
46928
47112
47296
47480
47664
47848
48032
48212
48396
48580
48764
48948
49132
49316
49496
49680
49864
50048
50232
50416
50600
50784
50968
51148
51332
51516
51704
51888
52072
52252
52436
52620
52804
52988
53172
53356
53540
53724
53908
54092
54272
54460
54644
54824
55012
55196
55376
55564
55748
55932
56116
56304
56484
56672
56856
57040
57224
57408
57592
57772
57956
58140
58324
58508
58692
58876
59064
59244
59432
59612
59796
59980
60164
60348
60532
60716
60896
61080
61264
61448
61632
61816
62000
62184
62368
62552
62736
62916
63100
63284
63468
63652
63836
64020
64204
64384
64568
64752
64936
65120
65304
65488
136
320
504
688
868
1052
1236
1420
1604
1788
1972
2152
2336
2520
2704
2888
3072
3256
3440
3624
3804
3988
4172
4356
4540
4728
4912
5092
5276
5460
5644
5828
6012
6196
6380
6564
6748
6932
7116
7300
7484
7668
7852
8036
8220
8404
8588
8772
8956
9140
9324
9508
9692
9876
10060
10248
10428
10608
10796
10980
11164
11348
11532
11716
11900
12084
12272
12452
12636
12820
13004
13188
13372
13556
13740
13924
14108
14292
14476
14660
14840
15024
15212
15392
15576
15760
15940
16124
16308
16492
16676
16860
17044
17224
17408
17592
17776
17960
18144
18324
18508
18692
18880
19064
19244
19428
19612
19796
19980
20164
20348
20532
20712
20896
21080
21264
21448
21632
21816
22000
22180
22364
22548
22732
22916
23100
23284
23468
23652
23832
24016
24200
24384
24568
24752
24936
25120
25304
25488
25672
25856
26040
26224
26408
26592
26776
26960
27144
27332
27516
27700
27880
28064
28248
28432
28616
28800
28984
29168
29352
29536
29720
29904
30092
30276
30460
30644
30828
31008
31192
31376
31560
31744
31928
32108
32292
32476
32660
32844
33028
33212
33396
33580
33764
33944
34128
34312
34496
34680
34860
35044
35228
35412
35596
35780
35964
36148
36332
36516
36696
36884
37064
37252
37432
37616
37800
37980
38164
38348
38532
38716
38900
39080
39264
39448
39632
39816
40000
40184
40368
40548
40732
40916
41100
41284
41468
41652
41836
42020
42204
42384
42568
42752
42936
43120
43304
43488
43672
43856
44040
44220
44408
44588
44776
44956
45140
45328
45512
45696
45880
46064
46248
46432
46616
46800
46984
47168
47348
47536
47716
47900
48084
48268
48452
48636
48820
49004
49188
49372
49556
49740
49924
50104
50288
50472
50656
50840
51024
51208
51392
51572
51756
51940
52124
52308
52492
52672
52856
53040
53224
53408
53592
53776
53956
54140
54324
54508
54688
54872
55056
55240
55424
55608
55792
55972
56156
56340
56524
56708
56892
57076
57256
57440
57624
57808
57988
58172
58356
58540
58724
58908
59088
59272
59456
59644
59828
60012
60192
60376
60560
60740
60924
61108
61292
61476
61660
61844
62028
62212
62396
62576
62764
62948
63132
63312
63500
63684
63868
64052
64236
64420
64600
64784
64968
65152
65340
65520
168
352
536
720
904
1088
1272
1456
1640
1824
2008
2192
2376
2560
2740
2924
3108
3292
3476
3660
3844
4028
4208
4392
4576
4760
4944
5128
5308
5492
5676
5856
6040
6224
6408
6592
6772
6956
7140
7324
7508
7692
7872
8056
8240
8424
8608
8792
8976
9156
9340
9524
9708
9892
10076
10256
10440
10624
10804
10988
11172
11356
11540
11720
11904
12088
12268
12456
12640
12824
13004
13188
13372
13556
13740
13920
14104
14288
14472
14656
14840
15024
15208
15388
15576
15756
15944
16124
16308
16492
16676
16864
17048
17228
17416
17596
17780
17964
18148
18332
18512
18696
18880
19064
19248
19432
19616
19800
19984
20168
20352
20532
20716
20900
21084
21268
21448
21632
21816
22000
22184
22368
22548
22732
22916
23100
23284
23468
23648
23828
24012
24196
24380
24564
24748
24932
25116
25296
25480
25664
25848
26028
26212
26396
26580
26764
26948
27128
27312
27496
27676
27860
28044
28228
28412
28592
28776
28960
29144
29324
29508
29692
29876
30060
30240
30424
30608
30792
30980
31160
31344
31528
31708
31892
32076
32260
32444
32628
32812
32992
33176
33360
33544
33728
33912
34096
34280
34464
34648
34832
35016
35200
35384
35568
35752
35936
36116
36300
36484
36668
36852
37036
37216
37400
37584
37768
37952
38136
38320
38504
38688
38872
39056
39236
39420
39604
39788
39968
40152
40336
40520
40704
40888
41072
41256
41440
41624
41804
41992
42168
42352
42536
42720
42904
43084
43268
43452
43636
43816
44000
44184
44368
44548
44732
44916
45100
45284
45468
45648
45832
46016
46200
46384
46564
46748
46932
47116
47296
47480
47664
47848
48032
48216
48400
48580
48764
48948
49132
49320
49500
49684
49868
50048
50232
50416
50600
50784
50968
51148
51332
51516
51700
51884
52068
52252
52436
52620
52804
52988
53172
53356
53540
53724
53908
54092
54276
54456
54640
54824
55008
55192
55376
55560
55744
55928
56112
56296
56480
56664
56848
57032
57216
57400
57580
57764
57948
58132
58312
58496
58680
58864
59048
59232
59412
59600
59780
59964
60148
60328
60512
60696
60876
61060
61244
61428
61612
61796
61976
62160
62344
62528
62712
62896
63080
63264
63448
63632
63812
63996
64176
64360
64544
64728
64912
65092
65276
65460
104
288
472
656
836
1020
1204
1384
1568
1752
1936
2124
2304
2488
2672
2852
3036
3220
3404
3588
3768
3952
4136
4320
4504
4688
4872
5056
5240
5424
5608
5788
5972
6156
6344
6528
6708
6892
7076
7260
7444
7628
7812
7992
8176
8360
8544
8728
8908
9096
9280
9460
9644
9828
10012
10196
10376
10560
10744
10928
11108
11292
11476
11660
11844
12028
12212
12396
12580
12760
12944
13128
13308
13492
13676
13860
14040
14224
14408
14592
14772
14956
15140
15324
15508
15688
15872
16056
16240
16424
16604
16788
16972
17152
17336
17520
17704
17888
18068
18252
18440
18620
18800
18984
19168
19352
19536
19716
19900
20084
20268
20452
20636
20820
21004
21184
21368
21552
21736
21916
22100
22284
22468
22652
22832
23020
23200
23384
23568
23752
23936
24120
24304
24488
24672
24856
25040
25224
25408
25588
25772
25956
26140
26320
26504
26688
26872
27056
27240
27424
27608
27792
27976
28160
28340
28524
28708
28892
29076
29260
29440
29624
29808
29992
30176
30360
30540
30728
30908
31092
31276
31456
31640
31824
32008
32188
32372
32556
32740
32920
33104
33288
33472
33656
33836
34020
34204
34388
34572
34752
34936
35120
35300
35484
35668
35852
36036
36220
36400
36584
36768
36948
37132
37316
37500
37684
37868
38048
38232
38416
38600
38784
38968
39152
39332
39516
39696
39880
40064
40248
40432
40616
40796
40984
41164
41348
41532
41716
41900
42084
42268
42452
42636
42820
43004
43188
43368
43552
43736
43920
44104
44288
44472
44652
44836
45020
45204
45392
45572
45756
45944
46124
46308
46492
46676
46860
47040
47224
47408
47592
47772
47956
48140
48324
48508
48688
48872
49056
49240
49420
49604
49788
49968
50152
50336
50516
50700
50884
51068
51252
51432
51616
51800
51984
52168
52352
52536
52716
52904
53084
53268
53452
53632
53816
54000
54180
54364
54548
54728
54912
55096
55276
55460
55644
55828
56012
56192
56376
56556
56740
56928
57112
57296
57476
57660
57844
58024
58208
58392
58576
58760
58944
59128
59312
59492
59676
59860
60044
60228
60412
60596
60780
60964
61148
61332
61516
61700
61880
62064
62248
62432
62616
62800
62980
63164
63348
63532
63716
63896
64080
64268
64448
64632
64816
65000
65184
65364
12
196
380
560
744
928
1112
1296
1480
1660
1844
2028
2212
2396
2576
2760
2944
3128
3308
3492
3676
3860
4040
4224
4408
4588
4772
4956
5136
5324
5504
5688
5872
6052
6236
6420
6600
6784
6968
7152
7336
7516
7700
7884
8064
8248
8432
8616
8800
8980
9164
9344
9528
9716
9900
10084
10264
10448
10632
10812
10996
11180
11364
11544
11728
11912
12096
12276
12460
12644
12828
13012
13196
13380
13564
13748
13932
14116
14300
14484
14664
14848
15032
15216
15400
15580
15764
15948
16132
16316
16500
16684
16868
17052
17236
17420
17600
17784
17968
18148
18332
18516
18700
18880
19064
19248
19432
19616
19800
19980
20164
20348
20532
20712
20896
21076
21260
21444
21628
21808
21992
22176
22360
22540
22724
22908
23088
23272
23456
23640
23824
24004
24188
24372
24552
24736
24920
25104
25288
25468
25652
25832
26016
26200
26384
26568
26748
26932
27116
27296
27480
27664
27844
28032
28216
28400
28580
28764
28944
29128
29312
29496
29680
29860
30044
30228
30412
30596
30780
30960
31144
31328
31512
31696
31880
32064
32248
32432
32616
32800
32984
33168
33348
33532
33716
33900
34084
34268
34448
34632
34816
35000
35184
35368
35552
35736
35920
36104
36284
36468
36652
36836
37016
37200
37384
37564
37748
37932
38116
38296
38480
38664
38848
39028
39212
39392
39576
39760
39944
40124
40308
40492
40676
40860
41044
41224
41408
41592
41776
41960
42140
42324
42508
42692
42872
43056
43236
43420
43604
43788
43968
44152
44336
44516
44700
44884
45064
45248
45432
45616
45796
45980
46164
46348
46532
46716
46900
47080
47264
47448
47632
47812
47996
48180
48364
48548
48732
48912
49096
49280
49464
49648
49832
50012
50196
50380
50564
50748
50932
51116
51300
51484
51664
51848
52032
52216
52396
52580
52764
52944
53128
53312
53496
53680
53864
54048
54232
54412
54596
54780
54964
55148
55328
55512
55696
55880
56064
56248
56428
56612
56796
56980
57160
57344
57528
57708
57892
58076
58256
58440
58624
58808
58988
59168
59352
59536
59716
59900
60084
60268
60448
60632
60816
60996
61180
61364
61544
61728
61912
62096
62280
62460
62644
62828
63008
63192
63376
63556
63740
63924
64104
64288
64472
64656
64840
65024
65208
65388
36
216
400
584
768
948
1132
1316
1500
1680
1864
2048
2232
2416
2600
2780
2964
3148
3332
3516
3700
3884
4068
4252
4432
4616
4800
4984
5164
5348
5532
5716
5900
6084
6268
6452
6632
6816
7000
7184
7364
7548
7732
7916
8096
8280
8460
8644
8828
9012
9196
9376
9560
9744
9924
10108
10288
10472
10656
10836
11020
11204
11384
11568
11752
11932
12116
12300
12484
12664
12848
13032
13216
13400
13580
13764
13948
14128
14312
14492
14676
14860
15044
15224
15408
15592
15772
15956
16136
16320
16504
16688
16868
17052
17232
17420
17604
17784
17968
18152
18332
18516
18700
18884
19064
19248
19432
19612
19796
19980
20164
20348
20528
20712
20896
21080
21264
21448
21632
21816
22000
22180
22364
22548
22732
22916
23100
23280
23464
23648
23828
24012
24196
24380
24564
24748
24928
25112
25296
25480
25660
25844
26028
26212
26392
26576
26756
26940
27124
27308
27492
27672
27856
28040
28220
28404
28584
28768
28952
29132
29316
29500
29680
29864
30048
30228
30412
30596
30780
30960
31144
31328
31512
31696
31876
32060
32240
32424
32608
32788
32972
33156
33336
33520
33704
33884
34068
34252
34432
34616
34800
34984
35164
35348
35528
35716
35900
36084
36264
36448
36632
36812
36996
37180
37364
37548
37728
37912
38096
38280
38464
38648
38832
39012
39196
39380
39564
39748
39932
40116
40300
40484
40664
40848
41032
41216
41396
41580
41760
41944
42128
42312
42496
42680
42864
43048
43232
43416
43596
43780
43964
44144
44328
44512
44696
44876
45064
45244
45428
45612
45796
45976
46160
46344
46528
46708
46892
47072
47256
47440
47620
47804
47988
48172
48352
48536
48716
48900
49084
49264
49448
49632
49816
49996
50184
50364
50544
50728
50912
51096
51280
51460
51644
51824
52008
52192
52372
52556
52740
52924
53108
53288
53472
53652
53836
54020
54204
54388
54572
54752
54936
55116
55304
55484
55664
55848
56032
56216
56400
56580
56764
56948
57132
57312
57496
57680
57864
58048
58232
58416
58600
58784
58964
59148
59332
59516
59700
59880
60064
60248
60432
60612
60800
60980
61164
61352
61532
61716
61900
62080
62264
62448
62632
62812
62996
63176
63360
63544
63728
63912
64092
64276
64460
64640
64824
65008
65188
65368
16
200
384
564
748
932
1112
1296
1480
1664
1844
2028
2212
2396
2576
2760
2944
3124
3308
3492
3672
3856
4040
4224
4404
4588
4768
4952
5132
5316
5500
5684
5864
6048
6228
6412
6596
6780
6964
7148
7328
7512
7696
7876
8060
8244
8428
8608
8792
8976
9160
9340
9524
9708
9892
10076
10256
10440
10624
10808
10992
11176
11360
11544
11728
11912
12092
12276
12460
12644
12824
13008
13192
13372
13556
13740
13924
14108
14292
14476
14656
14840
15024
15208
15388
15572
15756
15936
16120
16304
16484
16672
16852
17032
17220
17400
17584
17768
17948
18128
18312
18496
18680
18860
19044
19228
19408
19592
19776
19960
20140
20324
20508
20688
20872
21056
21240
21420
21604
21784
21968
22152
22332
22516
22700
22880
23064
23248
23428
23612
23796
23980
24160
24344
24524
24708
24888
25076
25260
25444
25624
25808
25992
26172
26356
26540
26720
26840
26904
27088
27272
27456
27636
27820
28004
28188
28372
28556
28736
28920
29104
29288
29472
29656
29836
30020
30204
30388
30572
30752
30936
31116
31300
31484
31668
31852
32032
32220
32404
32584
32768
32952
33132
33316
33500
33684
33868
34048
34232
34416
34596
34780
34964
35148
35328
35512
35696
35876
36060
36240
36424
36608
36788
36972
37156
37336
37520
37700
37884
38068
38248
38432
38612
38796
38980
39164
39348
39528
39712
39892
40076
40260
40440
40624
40808
40992
41172
41356
41536
41720
41904
42084
42268
42452
42632
42816
42996
43180
43364
43548
43732
43912
44096
44276
44460
44644
44828
45008
45192
45372
45556
45740
45924
46108
46288
46472
46656
46840
47020
47204
47388
47572
47756
47940
48124
48308
48492
48672
48856
49040
49224
49404
49588
49772
49956
50140
50320
50504
50688
50872
51056
51240
51420
51604
51784
51968
52152
52332
52516
52700
52880
53064
53248
53428
53612
53796
53976
54160
54344
54524
54704
54888
55072
55256
55436
55620
55804
55988
56168
56352
56536
56716
56900
57084
57268
57448
57632
57816
57996
58180
58360
58544
58728
58912
59092
59276
59456
59640
59820
60004
60188
60368
60552
60736
60916
61100
61280
61464
61652
61836
62016
62200
62380
62564
62748
62932
63112
63296
63480
63660
63844
64028
64208
64392
64576
64760
64944
65124
65308
65492
140
324
508
692
872
1056
1240
1424
1608
1788
1972
2152
2336
2520
2704
2884
3068
3252
3436
3620
3804
3984
4168
4352
4532
4716
4900
5080
5264
5448
5628
5812
5996
6180
6360
6544
6728
6912
7092
7276
7456
7640
7820
8004
8188
8368
8552
8732
8916
9100
9284
9464
9648
9828
10012
10196
10380
10560
10744
10924
11108
11288
11472
11656
11840
12020
12204
12384
12568
12752
12932
13116
13300
13480
13664
13844
14028
14212
14396
14580
14764
14944
15128
15308
15492
15676
15856
16040
16224
16404
16588
16772
16952
17136
17320
17504
17688
17872
18052
0
