19300
19372
19476
19580
19684
19792
19896
20000
20104
20212
20316
20420
20524
20632
20736
20840
20944
21048
21152
21260
21364
21468
21572
21676
21784
21888
21992
22096
22200
22304
22412
22516
22620
22724
22828
22932
23036
23140
23244
23348
23456
23560
23664
23768
23872
23976
24080
24188
24292
24392
24500
24604
24708
24812
24916
25020
25124
25228
25332
25436
25540
25644
25748
25856
25960
26064
26168
26272
26376
26480
26584
26688
26792
26900
27004
27108
27212
27316
27420
27524
27628
27736
27840
27944
28048
28152
28256
28364
28468
28572
28680
28780
28884
28988
29092
29200
29304
29408
29512
29520
29616
29724
29828
29932
30036
30140
30244
30352
30456
30560
30664
30768
30876
30980
31084
31188
31292
31396
31504
31608
31712
31816
31920
32028
32132
32236
32340
32444
32552
32656
32760
32864
32968
33072
33176
33284
33388
33492
33596
33700
33804
33908
34016
34120
34224
34328
34432
34536
34640
34744
34848
34952
35056
35160
35264
35368
35472
35576
35680
35788
35892
35996
36100
36204
36308
36412
36520
36624
36728
36832
36936
37040
37144
37248
37356
37460
37564
37668
37772
37876
37980
38084
38188
38292
38396
38500
38604
38708
38816
38920
39024
39128
39232
39336
39444
39548
39652
39756
39860
39944
39964
40072
40176
40280
40384
40488
40596
40700
40804
40908
41016
41120
41224
41328
41436
41540
41644
41748
41852
41956
42060
42168
42272
42376
42480
42584
42688
42792
42900
43004
43108
43212
43316
43420
43524
43632
43736
43840
43944
44048
44152
44256
44364
44468
44572
44676
44780
44888
44992
45096
45200
45300
45408
45512
45616
45720
45824
45928
46032
46136
46240
46344
46448
46552
46656
46760
46868
46972
47076
47180
47284
47388
47492
47596
47700
47804
47908
48012
48116
48224
48328
48432
48536
48640
48744
48848
48952
49060
49164
49268
49372
49480
49580
49684
49788
49892
50000
50104
50208
50312
50368
50416
50520
50628
50732
50836
50940
51044
51148
51256
51360
51464
51568
51672
51780
51884
51988
52092
52200
52304
52408
52512
52616
52724
52828
52932
53036
53140
53248
53352
53456
53560
53668
53768
53872
53980
54084
54188
54292
54396
54500
54604
54708
54812
54916
55020
55124
55232
55336
55440
55544
55648
55752
55856
55960
56064
56168
56272
56376
56480
56588
56692
56796
56900
57004
57108
57212
57316
57420
57524
57628
57732
57836
57940
58048
58152
58256
58360
58464
58568
58672
58776
58880
58984
59088
59192
59296
59404
59508
59612
59716
59824
59928
60032
60136
60240
60344
60448
60552
60656
60760
60860
60868
60972
61076
61180
61284
61388
61496
61600
61704
61808
61912
62016
62120
62228
62332
62436
62540
62644
62748
62856
62960
63064
63168
63272
63376
63480
63588
63692
63796
63900
64004
64112
64216
64320
64424
64528
64632
64736
64840
64944
65052
65156
65260
65364
65468
36
140
244
348
456
556
660
764
868
972
1076
1180
1284
1388
1492
1596
1704
1808
1912
2016
2120
2180
2224
2328
2432
2536
2640
2744
2848
2952
3060
3164
3268
3372
3476
3580
3684
3788
3892
3996
4104
4208
4308
4412
4520
4624
4728
4832
4936
5040
5144
5248
5356
5460
5564
5668
5772
5876
5984
6088
6192
6296
6400
6504
6612
6716
6820
6924
7028
7136
7240
7344
7448
7552
7656
7764
7868
7972
8076
8180
8284
8388
8496
8600
8704
8808
8912
9020
9124
9228
9332
9436
9540
9644
9748
9852
9956
10060
10164
10268
10372
10476
10584
10688
10792
10896
11000
11104
11208
11312
11416
11520
11624
11728
11832
11936
12040
12144
12248
12352
12456
12560
12668
12772
12876
12980
13084
13184
13292
13396
13500
13604
13708
13812
13916
14020
14124
14228
14332
14436
14544
14648
14748
14856
14960
15064
15172
15276
15380
15484
15584
15692
15796
15900
16004
16108
16188
16212
16316
16424
16524
16632
16736
16840
16944
17048
17152
17260
17364
17468
17572
17676
17780
17884
17992
18096
18200
18304
18408
18512
18616
18720
18824
18932
19036
19140
19244
19348
19452
19556
19660
19768
19872
19976
20080
20184
20288
20392
20496
20600
20708
20812
20916
21020
21124
21228
21332
21436
21536
21644
21744
21848
21952
22056
22160
22264
22368
22476
22576
22680
22788
22888
22996
23100
23204
23308
23412
23516
23620
23724
23828
23932
24036
24140
24244
24348
24452
24556
24660
24764
24868
24972
25076
25180
25284
25388
25492
25600
25704
25808
25912
26016
26120
26224
26328
26432
26536
26640
26700
26744
26848
26952
27056
27164
27268
27372
27476
27580
27684
27788
27896
28000
28104
28208
28312
28416
28520
28624
28728
28832
28936
29040
29144
29248
29356
29460
29564
29668
29772
29876
29980
30084
30188
30292
30396
30500
30604
30708
30812
30916
31020
31124
31232
31332
31440
31544
31648
31752
31856
31956
32064
32164
32268
32372
32476
32580
32684
32788
32892
32996
33100
33204
33308
33412
33516
33620
33724
33828
33932
34036
34140
34244
34348
34452
34556
34660
34764
34868
34972
35076
35180
35284
35392
35492
35596
35700
35804
35912
36016
36120
36224
36328
36432
36536
36640
36744
36848
36952
37056
37160
37264
37368
37472
37576
37684
37784
37892
37996
38100
38204
38308
38412
38516
38624
38724
38832
38936
39040
39144
39248
39352
39456
39560
39664
39768
39872
39980
40084
40188
40292
40396
40500
40604
40708
40812
40916
41020
41124
41228
41332
41436
41540
41644
41744
41852
41956
42060
42164
42268
42368
42472
42576
42680
42784
42888
42992
43096
43200
43304
43408
43512
43616
43720
43824
43928
44032
44136
44240
44344
44448
44552
44656
44760
44864
44968
45072
45176
45280
45384
45488
45592
45696
45800
45904
46008
46112
46216
46320
46424
46528
46632
46736
46840
46944
47048
47152
47256
47360
47452
47464
47472
47568
47676
47776
47884
47988
48092
48196
48300
48404
48508
48612
48716
48820
48924
49028
49132
49240
49340
49448
49552
49656
49760
49864
49968
50072
50176
50280
50384
50488
50592
50696
50800
50904
51008
51112
51216
51320
51424
51528
51632
51736
51840
51944
52048
52152
52256
52364
52468
52568
52672
52776
52880
52984
53088
53192
53296
53400
53504
53604
53708
53816
53916
54020
54124
54228
54332
54436
54540
54644
54748
54852
54956
55060
55164
55268
55372
55476
55580
55684
55788
55892
55996
56100
56204
56308
56412
56516
56620
56724
56828
56932
57036
57140
57244
57348
57452
57556
57660
57764
57868
57972
58076
58180
58284
58388
58492
58596
58700
58804
58908
59012
59116
59224
59328
59432
59536
59640
59744
59848
59952
60056
60160
60264
60368
60472
60576
60680
60784
60892
60992
61100
61204
61304
61408
61512
61616
61720
61824
61928
62032
62136
62240
62344
62448
62548
62656
62760
62864
62968
63068
63172
63276
63380
63484
63588
63692
63796
63900
64004
64108
64212
64316
64420
64520
64624
64728
64836
64936
65040
65144
65248
65352
65456
24
128
232
336
436
540
644
748
852
956
1060
1164
1268
1372
1476
1580
1688
1788
1892
1996
2100
2204
2308
2412
2516
2620
2724
2828
2932
3036
3140
3244
3348
3452
3556
3660
3764
3872
3972
4080
4184
4288
4392
4496
4600
4704
4808
4912
5016
5120
5224
5328
5432
5536
5640
5744
5848
5952
6056
6160
6264
6368
6472
6576
6680
6784
6888
6992
7096
7200
7304
7408
7512
7616
7720
7824
7924
8028
8132
8236
8340
8444
8544
8648
8752
8856
8960
9064
9168
9272
9376
9480
9584
9688
9792
9892
9996
10100
10204
10308
10412
10516
10620
10724
10828
10932
11036
11140
11244
11348
11452
11556
11656
11760
11864
11972
12076
12180
12280
12384
12488
12592
12696
12800
12904
13008
13112
13216
13320
13424
13528
13632
13736
13840
13944
14048
14152
14256
14360
14468
14572
14676
14780
14884
14988
15092
15196
15300
15404
15508
15612
15716
15820
15924
16028
16132
16236
16340
16444
16544
16648
16752
16856
16960
17064
17168
17272
17376
17480
17584
17688
17792
17896
18000
18104
18208
18308
18412
18516
18620
18724
18828
18928
19032
19136
19240
19344
19448
19552
19656
19760
19864
19968
20072
20172
20276
20380
20488
20588
20692
20796
20900
21004
21104
21208
21312
21416
21520
21624
21728
21832
21936
22040
22144
22248
22352
22456
22560
22664
22768
22868
22972
23076
23180
23284
23388
23492
23596
23700
23804
23908
24012
24116
24220
24324
24428
24532
24636
24740
24844
24948
25052
25156
25260
25364
25468
25572
25676
25780
25884
25988
26092
26196
26300
26404
26508
26612
26716
26820
26924
27028
27132
27236
27340
27444
27548
27648
27756
27856
27964
28064
28168
28272
28376
28480
28584
28688
28788
28892
28996
29100
29204
29308
29408
29512
29616
29720
29824
29928
30032
30132
30236
30340
30444
30548
30652
30756
30860
30964
31068
31172
31276
31380
31480
31584
31688
31792
31896
32000
32104
32208
32308
32412
32516
32620
32724
32828
32932
33036
33140
33244
33344
33448
33552
33656
33760
33864
33968
34076
34176
34280
34384
34488
34592
34696
34800
34904
35008
35112
35216
35320
35424
35528
35632
35736
35840
35944
36048
36152
36256
36360
36464
36568
36672
36776
36880
36984
37088
37192
37292
37400
37500
37604
37708
37812
37916
38020
38124
38228
38332
38436
38540
38644
38748
38852
38956
39056
39160
39264
39368
39472
39572
39676
39780
39884
39988
40092
40196
40300
40400
40504
40608
40712
40816
40920
41020
41124
41228
41332
41436
41540
41644
41748
41848
41952
42056
42160
42264
42368
42472
42576
42680
42784
42884
42988
43096
43200
43304
43404
43508
43612
43716
43820
43924
44028
44128
44232
44336
44440
44544
44648
44752
44856
44960
45064
45168
45272
45376
45480
45584
45688
45792
45896
46000
46104
46208
46312
46416
46520
46624
46728
46832
46936
47040
47144
47248
47352
47456
47560
47660
47764
47868
47972
48076
48180
48280
48384
48488
48592
48696
48800
48904
49008
49112
49216
49320
49420
49524
49628
49732
49832
49936
50040
50144
50248
50352
50456
50560
50664
50764
50868
50972
51032
51076
51180
51284
51388
51488
51592
51696
51800
51904
52008
52112
52212
52316
52420
52524
52628
52732
52836
52940
53040
53144
53248
53352
53456
53560
53664
53768
53872
53976
54080
54184
54284
54388
54492
54588
54600
54700
54804
54908
55012
55116
55220
55324
55428
55532
55636
55740
55844
55948
56052
56156
56260
56364
56468
56572
56676
56776
56880
56984
57088
57192
57296
57400
57504
57608
57712
57816
57920
58020
58124
58228
58332
58436
58540
58644
58748
58852
58956
59060
59164
59264
59368
59472
59576
59680
59784
59884
59988
60092
60196
60300
60404
60508
60608
60712
60816
60920
61024
61124
61228
61332
61436
61540
61644
61744
61848
61952
62056
62160
62264
62368
62472
62572
62676
62780
62884
62988
63092
63196
63300
63404
63504
63608
63712
63816
63924
64024
64128
64232
64336
64436
64540
64644
64748
64852
64956
65060
65164
65268
65372
65476
44
148
252
356
456
560
664
768
872
980
1080
1184
1288
1392
1496
1600
1704
1808
1912
2016
2120
2224
2328
2432
2536
2640
2744
2848
2952
3052
3156
3260
3364
3464
3568
3672
3776
3880
3984
4084
4192
4292
4396
4500
4604
4704
4812
4912
5016
5120
5224
5328
5428
5532
5636
5740
5844
5948
6048
6152
6256
6360
6464
6568
6668
6772
6876
6980
7084
7188
7292
7392
7496
7600
7704
7808
7912
8012
8116
8220
8324
8428
8528
8636
8740
8844
8948
9048
9152
9256
9360
9464
9568
9672
9756
9776
9880
9984
10084
10188
10292
10396
10500
10604
10708
10812
10916
11020
11124
11228
11332
11432
11536
11640
11744
11848
11952
12056
12160
12264
12368
12472
12572
12676
12780
12884
12988
13092
13196
13300
13404
13508
13612
13716
13816
13920
14024
14128
14232
14336
14440
14544
14648
14752
14852
14956
15060
15164
15264
15368
15472
15572
15676
15780
15884
15988
16088
16192
16296
16400
16504
16604
16708
16812
16916
17020
17124
17224
17328
17432
17536
17640
17744
17848
17948
18052
18156
18260
18364
18468
18568
18672
18776
18880
18984
19088
19192
19296
19400
19500
19604
19708
19812
19916
20016
20096
20108
20120
20224
20328
20432
20536
20640
20744
20848
20952
21056
21160
21264
21368
21472
21576
21680
21784
21884
21988
22092
22196
22300
22404
22508
22612
22712
22816
22920
23024
23128
23232
23336
23440
23540
23648
23748
23852
23956
24060
24160
24268
24368
24472
24576
24680
24784
24888
24992
25096
25196
25300
25404
25508
25608
25712
25816
25920
26024
26124
26228
26332
26436
26540
26640
26744
26848
26952
27056
27156
27260
27364
27464
27568
27672
27776
27880
27984
28084
28188
28292
28396
28500
28604
28708
28812
28912
29016
29120
29224
29328
29432
29536
29640
29740
29844
29948
30052
30156
30256
30360
30464
30568
30672
30776
30880
30984
31088
31192
31296
31396
31500
31604
31708
31812
31916
32020
32124
32228
32332
32436
32540
32644
32744
32848
32952
33056
33160
33264
33368
33472
33576
33680
33784
33884
33988
34092
34196
34300
34404
34504
34608
34712
34816
34920
35024
35128
35232
35332
35436
35540
35644
35744
35848
35952
36056
36156
36260
36364
36468
36572
36672
36776
36880
36984
37088
37192
37292
37396
37500
37604
37704
37808
37912
38016
38120
38224
38328
38428
38532
38636
38740
38844
38944
39048
39152
39256
39360
39460
39564
39668
39772
39876
39980
40084
40184
40288
40392
40496
40600
40704
40808
40912
41016
41116
41220
41324
41428
41532
41636
41740
41844
41948
42052
42156
42260
42364
42468
42572
42676
42780
42880
42984
43088
43192
43296
43400
43504
43608
43712
43816
43916
44020
44124
44228
44332
44436
44536
44640
44744
44848
44952
45056
45160
45264
45364
45468
45572
45676
45780
45884
45984
46088
46192
46296
46400
46500
46604
46708
46808
46912
47016
47120
47224
47328
47428
47532
47636
47740
47844
47944
48048
48152
48256
48356
48460
48564
48668
48772
48876
48980
49080
49184
49288
49392
49496
49600
49700
49804
49908
50012
50116
50220
50324
50428
50528
50632
50736
50840
50944
51044
51148
51252
51356
51460
51564
51668
51772
51876
51980
52080
52184
52292
52392
52496
52600
52704
52808
52912
53016
53120
53224
53328
53432
53536
53640
53744
53844
53948
54052
54156
54260
54364
54468
54572
54672
54776
54880
54984
55088
55188
55292
55396
55500
55604
55708
55808
55912
56016
56120
56224
56328
56428
56532
56636
56740
56840
56944
57048
57152
57256
57360
57460
57564
57668
57772
57876
57976
58080
58184
58288
58392
58492
58596
58700
58804
58908
59012
59112
59216
59320
59424
59528
59628
59732
59836
59940
60044
60144
60248
60356
60460
60560
60664
60768
60872
60972
61076
61180
61284
61388
61492
61596
61700
61804
61908
62008
62112
62216
62320
62424
62528
62632
62736
62840
62944
63048
63152
63252
63356
63460
63564
63668
63772
63876
63980
64080
64188
64288
64392
64496
64600
64704
64808
64912
65016
65116
65220
65324
65428
65532
100
204
308
412
512
616
720
824
928
1032
1132
1236
1340
1440
1544
1648
1752
1852
1956
2060
2164
2268
2368
2472
2576
2680
2780
2888
2988
3092
3192
3296
3400
3504
3608
3712
3816
3916
4020
4124
4228
4332
4432
4536
4640
4744
4848
4948
5052
5156
5260
5364
5468
5568
5672
5776
5880
5984
6088
6188
6284
6292
6396
6500
6604
6708
6812
6916
7020
7120
7224
7328
7432
7536
7640
7744
7848
7952
8056
8156
8260
8364
8468
8572
8676
8780
8884
8984
9088
9192
9296
9400
9504
9608
9708
9812
9916
10020
10124
10224
10328
10432
10536
10636
10740
10844
10948
11052
11156
11256
11360
11464
11568
11668
11772
11876
11980
12080
12184
12288
12392
12492
12596
12700
12804
12908
13008
13112
13216
13320
13420
13524
13628
13728
13832
13936
14040
14144
14244
14348
14452
14556
14656
14760
14864
14968
15072
0
