19300
19340
19416
19492
19572
19648
19724
19800
19876
19952
20028
20104
20184
20260
20336
20412
20488
20564
20640
20720
20792
20872
20948
21024
21100
21176
21252
21328
21404
21480
21556
21632
21708
21784
21864
21936
22012
22088
22164
22244
22320
22396
22472
22548
22624
22700
22776
22852
22928
23004
23080
23156
23232
23308
23384
23460
23536
23612
23688
23764
23840
23916
23992
24068
24144
24220
24296
24372
24448
24528
24604
24680
24756
24832
24908
24984
25064
25136
25216
25256
25292
25368
25432
25444
25520
25600
25644
25668
25676
25752
25828
25908
25984
26060
26136
26212
26288
26364
26440
26520
26596
26672
26748
26828
26904
26980
27056
27132
27208
27288
27364
27440
27516
27592
27668
27744
27820
27896
27972
28052
28128
28204
28280
28356
28432
28508
28588
28664
28740
28816
28892
28968
29044
29120
29196
29272
29348
29424
29500
29576
29652
29728
29804
29880
29956
30032
30108
30184
30264
30336
30412
30488
30564
30644
30720
30796
30868
30948
31020
31096
31172
31248
31324
31400
31476
31552
31628
31708
31784
31860
31936
32012
32088
32164
32244
32320
32396
32472
32548
32624
32700
32776
32856
32932
33008
33084
33160
33240
33316
33392
33468
33544
33620
33700
33776
33852
33928
34004
34080
34160
34236
34312
34388
34468
34544
34620
34696
34772
34848
34928
35004
35080
35156
35232
35308
35384
35464
35536
35616
35692
35768
35848
35920
35996
36072
36152
36228
36304
36380
36456
36532
36608
36684
36760
36836
36912
36988
37064
37140
37216
37292
37368
37444
37520
37596
37672
37752
37824
37904
37980
38052
38128
38208
38284
38360
38436
38512
38588
38660
38736
38812
38892
38964
39044
39120
39196
39272
39348
39424
39500
39576
39652
39728
39808
39884
39960
40036
40112
40188
40264
40340
40416
40496
40572
40648
40724
40800
40880
40956
41032
41108
41184
41264
41340
41416
41492
41568
41644
41720
41800
41876
41952
42028
42108
42184
42260
42336
42412
42488
42564
42640
42720
42796
42872
42948
43024
43100
43176
43252
43332
43408
43484
43560
43636
43712
43788
43868
43944
44020
44096
44172
44248
44324
44400
44476
44552
44628
44704
44780
44856
44932
45008
45084
45160
45236
45312
45388
45464
45540
45616
45692
45768
45844
45920
45996
46072
46148
46224
46300
46376
46452
46528
46604
46680
46756
46832
46908
46948
46984
47064
47140
47216
47292
47368
47444
47524
47600
47676
47752
47828
47904
47980
48056
48136
48208
48288
48364
48440
48516
48596
48672
48748
48824
48900
48976
49056
49132
49208
49284
49360
49436
49516
49592
49668
49744
49820
49900
49976
50052
50128
50204
50280
50360
50436
50512
50588
50664
50740
50816
50892
50968
51048
51124
51200
51276
51352
51428
51504
51584
51660
51736
51812
51888
51964
52040
52116
52192
52268
52344
52420
52496
52572
52648
52724
52800
52876
52952
53028
53104
53180
53256
53332
53408
53484
53560
53636
53712
53788
53864
53940
54016
54092
54168
54244
54320
54396
54472
54548
54608
54624
54700
54780
54856
54932
55008
55084
55160
55236
55316
55392
55468
55544
55620
55696
55772
55848
55928
56004
56080
56156
56232
56312
56388
56464
56540
56616
56692
56772
56848
56924
57000
57076
57156
57232
57308
57384
57460
57540
57616
57692
57768
57844
57920
57996
58076
58152
58228
58304
58380
58456
58532
58608
58684
58760
58840
58916
58992
59068
59144
59220
59296
59376
59452
59528
59604
59680
59756
59832
59908
59984
60060
60136
60212
60288
60364
60440
60516
60592
60668
60744
60820
60896
60972
61048
61124
61200
61276
61352
61428
61504
61580
61656
61732
61808
61884
61960
62036
62112
62188
62260
62272
62340
62420
62492
62572
62648
62724
62800
62876
62952
63028
63108
63184
63260
63336
63412
63488
63568
63644
63720
63796
63872
63948
64028
64104
64180
64256
64332
64408
64488
64564
64640
64716
64792
64872
64948
65024
65100
65176
65248
65260
65332
65408
65484
24
100
176
252
332
408
484
560
636
712
788
864
944
1020
1096
1172
1248
1324
1400
1476
1556
1632
1708
1784
1856
1936
2012
2088
2164
2240
2316
2392
2468
2544
2620
2696
2772
2848
2924
3000
3076
3152
3228
3304
3380
3456
3532
3608
3684
3760
3836
3912
3988
4064
4140
4216
4292
4368
4444
4520
4596
4672
4752
4828
4904
4980
5056
5132
5208
5284
5364
5440
5516
5592
5668
5736
5748
5824
5900
5976
6052
6128
6208
6284
6360
6436
6512
6588
6668
6744
6820
6896
6972
7052
7128
7204
7280
7356
7432
7512
7588
7664
7740
7816
7892
7968
8044
8124
8200
8276
8352
8428
8504
8580
8656
8732
8812
8888
8964
9040
9116
9192
9268
9344
9420
9496
9572
9648
9724
9800
9876
9952
10028
10104
10180
10256
10332
10408
10484
10564
10636
10712
10788
10864
10944
11020
11096
11168
11244
11320
11396
11472
11548
11624
11700
11776
11852
11928
11968
11980
12008
12084
12160
12236
12312
12388
12464
12544
12620
12696
12772
12848
12924
13000
13076
13156
13228
13308
13384
13460
13540
13616
13692
13768
13844
13920
14000
14076
14152
14228
14304
14380
14460
14536
14612
14688
14764
14840
14920
14996
15072
15148
15224
15304
15380
15456
15532
15608
15684
15760
15836
15912
15988
16068
16144
16220
16296
16372
16448
16524
16600
16680
16756
16832
16908
16984
17060
17136
17212
17288
17364
17440
17516
17592
17668
17744
17820
17896
17972
18048
18124
18200
18276
18352
18428
18504
18580
18656
18732
18808
18884
18960
19036
19112
19188
19264
19340
19416
19492
19568
19644
19720
19796
19872
19948
20028
20104
20180
20256
20332
20408
20488
20564
20640
20716
20792
20868
20948
21024
21100
21176
21252
21328
21408
21484
21560
21636
21712
21792
21868
21944
22020
22096
22172
22252
22328
22404
22480
22556
22632
22712
22788
22864
22940
23016
23092
23168
23244
23324
23400
23476
23552
23628
23704
23780
23856
23936
24012
24088
24164
24240
24316
24392
24468
24548
24624
24700
24772
24848
24924
25000
25080
25152
25228
25308
25380
25456
25532
25612
25688
25764
25840
25916
25992
26068
26144
26220
26296
26372
26448
26524
26600
26672
26752
26828
26904
26980
27056
27132
27208
27284
27360
27436
27512
27588
27664
27744
27820
27896
27972
28048
28124
28200
28276
28352
28432
28508
28584
28660
28736
28816
28892
28968
29044
29120
29200
29276
29352
29428
29504
29580
29656
29736
29812
29888
29964
30044
30120
30196
30272
30348
30424
30504
30580
30656
30732
30808
30884
30960
31036
31112
31188
31268
31344
31420
31496
31572
31648
31724
31804
31880
31956
32032
32108
32184
32260
32336
32412
32488
32564
32640
32716
32792
32868
32944
33020
33096
33172
33248
33324
33400
33476
33552
33628
33704
33780
33856
33932
34008
34084
34160
34236
34312
34388
34464
34540
34616
34692
34768
34844
34900
34920
34996
35076
35152
35228
35304
35380
35456
35532
35612
35688
35764
35840
35916
35992
36068
36144
36224
36300
36376
36452
36528
36608
36684
36760
36836
36912
36992
37068
37144
37220
37296
37372
37448
37528
37604
37680
37756
37832
37912
37988
38064
38140
38216
38292
38368
38448
38524
38600
38676
38752
38828
38904
38980
39056
39136
39212
39288
39364
39440
39516
39592
39668
39748
39824
39900
39976
40052
40128
40204
40280
40356
40432
40508
40584
40660
40736
40812
40888
40968
41040
41116
41192
41268
41344
41420
41496
41572
41648
41724
41800
41876
41952
42028
42104
42180
42256
42332
42408
42484
42524
42560
42636
42712
42788
42864
42944
43020
43096
43172
43248
43324
43400
43476
43556
43632
43708
43784
43860
43936
44016
44092
44168
44244
44324
44400
44476
44552
44628
44704
44780
44860
44936
45012
45088
45164
45244
45320
45396
45472
45548
45624
45704
45780
45856
45932
46008
46088
46160
46236
46316
46392
46468
46544
46620
46696
46772
46848
46924
47004
47080
47156
47232
47308
47384
47460
47536
47612
47688
47764
47840
47916
47992
48068
48144
48220
48296
48372
48448
48524
48600
48676
48756
48832
48904
48980
49060
49136
49212
49288
49360
49436
49512
49588
49664
49740
49816
49892
49968
50044
50120
50200
50276
50352
50428
50504
50580
50656
50736
50812
50888
50964
51040
51116
51192
51268
51348
51424
51500
51576
51652
51728
51808
51884
51960
52036
52112
52192
52268
52344
52420
52496
52572
52652
52728
52804
52880
52960
53036
53112
53188
53264
53340
53416
53492
53572
53648
53724
53800
53876
53952
54028
54104
54184
54260
54336
54412
54488
54564
54640
54716
54796
54872
54948
55024
55100
55176
55252
55328
55404
55480
55556
55632
55708
55784
55860
55936
56012
56088
56164
56240
56316
56392
56468
56544
56620
56696
56772
56848
56924
57000
57076
57152
57228
57304
57380
57456
57532
57608
57684
57760
57812
57836
57912
57988
58068
58144
58220
58296
58376
58452
58528
58600
58680
58756
58832
58908
58984
59060
59136
59216
59292
59368
59444
59520
59600
59676
59752
59828
59904
59984
60060
60136
60212
60288
60364
60444
60520
60596
60672
60748
60828
60904
60980
61056
61132
61208
61284
61360
61440
61516
61592
61668
61744
61820
61896
61972
62052
62128
62204
62280
62356
62432
62512
62584
62664
62740
62816
62892
62968
63044
63120
63196
63272
63348
63424
63500
63576
63652
63728
63804
63880
63956
64032
64108
64184
64260
64336
64412
64488
64564
64640
64716
64792
64868
64944
65020
65096
65172
65248
65324
65400
65472
65484
16
92
168
244
320
400
476
552
628
704
780
860
936
1008
1088
1164
1240
1320
1396
1472
1548
1624
1700
1780
1856
1932
2008
2084
2160
2236
2312
2392
2468
2544
2620
2700
2776
2852
2928
3004
3084
3160
3236
3312
3388
3464
3540
3616
3692
3768
3844
3924
4000
4076
4152
4228
4304
4380
4460
4536
4612
4688
4764
4840
4916
4992
5068
5144
5220
5296
5372
5448
5524
5600
5676
5752
5828
5904
5980
6056
6136
6208
6284
6360
6436
6512
6588
6668
6740
6816
6892
6968
7044
7120
7196
7272
7348
7424
7500
7576
7652
7732
7808
7884
7960
8036
8112
8192
8268
8344
8420
8496
8572
8648
8724
8800
8880
8956
9032
9108
9188
9264
9340
9416
9492
9568
9648
9724
9800
9876
9952
10028
10108
10184
10260
10336
10412
10492
10568
10644
10720
10796
10872
10948
11028
11104
11180
11256
11332
11408
11484
11560
11640
11716
11792
11868
11944
12020
12096
12172
12252
12328
12404
12480
12556
12632
12708
12784
12860
12936
13012
13088
13164
13240
13320
13392
13468
13544
13584
13620
13696
13772
13848
13924
14000
14076
14152
14228
14304
14380
14456
14532
14608
14684
14760
14836
14912
14988
15064
15140
15196
15216
15292
15372
15444
15524
15600
15676
15752
15828
15904
15980
16060
16136
16212
16288
16364
16440
16516
16596
16672
16748
16824
16904
16980
17056
17132
17208
17284
17364
17440
17516
17592
17668
17744
17824
17900
17976
18052
18128
18208
18284
18360
18440
18512
18588
18664
18744
18820
18896
18972
19048
19124
19200
19276
19352
19432
19508
19584
19660
19736
19812
19892
19968
20044
20120
20196
20272
20348
20424
20500
20576
20652
20728
20804
20880
20956
21032
21108
21184
21260
21336
21412
21488
21564
21640
21716
21792
21868
21944
22020
22096
22172
22248
22324
22400
22476
22552
22628
22704
22780
22848
22856
22932
23008
23084
23160
23240
23316
23392
23468
23544
23620
23700
23776
23852
23928
24004
24080
24160
24208
24236
24312
24388
24464
24540
24620
24696
24772
24848
24924
25000
25080
25156
25232
25308
25384
25464
25540
25616
25692
25768
25844
25924
26000
26076
26152
26228
26304
26380
26460
26536
26612
26688
26764
26840
26916
26992
27068
27148
27224
27300
27376
27452
27528
27604
27684
27760
27836
27912
27988
28064
28140
28216
28292
28368
28444
28520
28596
28672
28748
28824
28900
28976
29052
29128
29204
29280
29356
29432
29508
29584
29660
29736
29812
29888
29964
30040
30116
30192
30268
30344
30420
30496
30572
30648
30728
30800
30880
30956
31032
31108
31184
31260
31340
31416
31492
31568
31644
31720
31796
31864
31876
31948
31956
32028
32104
32180
32260
32336
32412
32488
32564
32640
32720
32796
32872
32948
33024
33104
33180
33256
33332
33408
33484
33564
33640
33716
33792
33868
33944
34020
34100
34176
34252
34328
34404
34480
34556
34632
34712
34788
34864
34940
35016
35092
35168
35244
35324
35400
35476
35552
35628
35704
35780
35856
35932
36008
36084
36160
36236
36312
36388
36464
36540
36616
36692
36768
36844
36920
36996
37072
37148
37224
37300
37376
37452
37528
37604
37680
37756
37832
37908
37984
38060
38116
38136
38212
38288
38364
38444
38520
38596
38672
38748
38824
38900
38980
39056
39132
39208
39284
39360
39440
39516
39592
39668
39744
39820
39900
39976
40052
40128
40204
40284
40360
40436
40512
40588
40668
40744
40820
40896
40972
41048
41128
41204
41280
41356
41432
41512
41584
41664
41740
41816
41892
41968
42044
42120
42196
42276
42352
42428
42504
42580
42656
42732
42812
42888
42964
43040
43116
43192
43268
43344
43420
43496
43572
43648
43724
43800
43876
43952
44028
44104
44180
44256
44332
44408
44484
44560
44636
44712
44788
44864
44940
45016
45092
45168
45244
45320
45396
45472
45548
45624
45700
45768
45776
45852
45932
46008
46088
46160
46236
46312
46388
46464
46540
46620
46696
46772
46848
46924
47000
47080
47148
47156
47232
47308
47384
47464
47540
47616
47692
47768
47848
47924
48000
48076
48152
48228
48308
48384
48460
48536
48612
48692
48768
48844
48920
48996
49072
49148
49228
49304
49380
49456
49532
49608
49684
49760
49836
49912
49992
50068
50144
50220
50296
50372
50448
50528
50604
50680
50756
50832
50908
50984
51060
51136
51212
51288
51364
51440
51516
51592
51668
51744
51820
51896
51972
52048
52124
52200
52276
52352
52428
52504
52580
52656
52732
52808
52884
52960
53036
53112
53188
53264
53340
53416
53492
53568
53644
53724
53800
53876
53952
54028
54104
54180
54260
54336
54412
54488
54564
54640
54716
54764
54792
54804
54872
54948
55024
55104
55180
55256
55332
55408
55488
55564
55640
55716
55792
55868
55944
56024
56100
56176
56252
56328
56408
56484
56560
56636
56712
56788
56864
56944
57020
57096
57172
57248
57324
57400
57476
57552
57632
57708
57784
57860
57936
58012
58088
58168
58244
58320
58396
58472
58548
58624
58700
58776
58852
58928
59004
59080
59156
59232
59308
59384
59460
59536
59612
59688
59764
59840
59916
59992
60068
60144
60220
60296
60372
60448
60524
60600
60676
60752
60828
60904
60980
61056
61132
61208
61284
61360
61440
61516
61592
61668
61744
61820
61900
61976
62052
62128
62204
62280
62356
62412
62424
62436
62512
62588
62664
62740
62820
62896
62972
63048
63124
63200
63280
63356
63432
63508
63584
63664
63740
63816
63892
63968
64044
64124
64200
64276
64352
64428
64504
64580
64660
64736
64812
64888
64964
65040
65116
65192
65268
65344
65424
65500
40
116
192
268
348
420
496
572
648
724
800
876
956
1032
1108
1184
1256
1332
1412
1488
1564
1640
1716
1792
1868
1944
2020
2096
2172
2248
2324
2400
2476
2548
2624
2704
2776
2856
2932
3008
3084
3160
3236
3312
3388
3464
3540
3620
3696
3772
3848
3924
4000
4076
4152
4228
4308
4384
4460
4532
4544
4612
4692
4768
4844
4920
4996
5076
5152
5228
5304
5380
5456
5532
5612
5688
5764
5840
5920
5996
6072
6152
6224
6300
6380
6456
6532
6608
6684
6760
6836
6912
6988
7064
7144
7220
7296
7372
7448
7524
7600
7676
7756
7832
7908
7984
8060
8136
8212
8288
8364
8440
8516
8592
8668
8744
8820
8896
8972
9048
9124
9200
9276
9352
9428
9504
9580
9656
9732
9808
9884
9960
10036
10112
10188
10264
10340
10416
10492
10568
10644
10720
10796
10872
10948
11024
11100
11180
11256
0
