19300
19380
19480
19576
19676
19772
19872
19968
20068
20164
20264
20360
20460
20560
20656
20756
20852
20952
21048
21148
21244
21344
21440
21540
21636
21732
21832
21928
22028
22124
22224
22320
22416
22516
22612
22712
22808
22908
23004
23100
23200
23296
23396
23492
23588
23688
23784
23880
23980
24076
24172
24272
24368
24464
24564
24660
24756
24856
24952
25048
25148
25244
25340
25440
25536
25636
25732
25828
25928
26024
26124
26220
26316
26384
26416
26512
26612
26708
26808
26904
27000
27100
27200
27296
27392
27492
27588
27684
27784
27880
27980
28076
28176
28272
28372
28468
28568
28664
28764
28864
28960
29056
29156
29252
29352
29448
29548
29648
29744
29840
29940
30040
30136
30236
30332
30432
30528
30628
30728
30824
30920
31020
31116
31216
31312
31412
31508
31604
31704
31804
31900
31996
32096
32192
32288
32388
32484
32584
32680
32780
32876
32972
33072
33168
33268
33364
33464
33556
33656
33752
33848
33948
34044
34144
34240
34336
34432
34532
34628
34724
34824
34920
35016
35116
35212
35312
35408
35504
35604
35700
35800
35896
35992
36092
36148
36188
36288
36384
36484
36580
36676
36776
36872
36972
37068
37168
37264
37360
37460
37556
37656
37752
37848
37948
38048
38144
38244
38340
38440
38536
38636
38732
38832
38928
39028
39124
39224
39320
39420
39516
39616
39712
39812
39908
40008
40104
40204
40300
40400
40496
40596
40692
40792
40888
40988
41084
41184
41280
41376
41476
41572
41672
41768
41868
41964
42064
42160
42260
42356
42452
42552
42648
42744
42844
42940
43040
43136
43232
43328
43428
43524
43620
43720
43816
43912
44012
44108
44204
44304
44400
44496
44596
44692
44788
44888
44984
45084
45180
45276
45376
45472
45568
45668
45764
45864
45960
46056
46156
46252
46352
46448
46548
46644
46744
46840
46936
47036
47132
47232
47328
47424
47524
47620
47720
47816
47916
48012
48112
48208
48308
48404
48504
48600
48700
48796
48896
48992
49092
49188
49288
49384
49484
49580
49680
49776
49876
49972
50072
50168
50268
50364
50464
50564
50660
50760
50856
50952
51052
51148
51248
51344
51440
51540
51636
51736
51832
51928
52028
52124
52224
52320
52416
52516
52612
52708
52808
52908
53004
53100
53196
53296
53392
53488
53588
53684
53780
53876
53976
54072
54168
54268
54364
54460
54560
54656
54756
54852
54948
55048
55144
55240
55340
55436
55532
55632
55728
55828
55924
56024
56120
56220
56316
56412
56512
56608
56708
56804
56900
57000
57096
57196
57292
57388
57488
57588
57684
57784
57880
57976
58076
58172
58272
58368
58468
58564
58664
58760
58860
58956
59056
59152
59252
59348
59448
59544
59644
59740
59840
59936
60036
60132
60232
60328
60428
60524
60624
60720
60816
60916
61012
61112
61208
61308
61404
61500
61600
61696
61796
61892
61988
62088
62184
62280
62380
62476
62576
62672
62768
62868
62964
63060
63156
63256
63352
63448
63548
63644
63740
63836
63936
64032
64128
64228
64324
64420
64520
64616
64716
64812
64908
65008
65104
65204
65300
65396
65496
56
156
252
352
448
544
644
740
836
936
1032
1128
1228
1324
1424
1520
1620
1716
1816
1912
2012
2108
2208
2304
2404
2500
2600
2696
2796
2892
2992
3088
3188
3284
3380
3480
3576
3676
3776
3872
3968
4068
4164
4264
4360
4460
4556
4656
4752
4852
4948
5044
5144
5240
5340
5436
5532
5632
5728
5828
5924
6024
6120
6216
6316
6412
6508
6608
6704
6800
6900
6996
7092
7192
7288
7384
7480
7580
7676
7772
7872
7968
8064
8160
8260
8356
8452
8552
8648
8748
8844
8940
9040
9136
9236
9332
9428
9524
9624
9720
9820
9916
10016
10112
10212
10308
10404
10504
10600
10696
10796
10892
10992
11088
11184
11284
11380
11480
11576
11676
11772
11872
11968
12068
12164
12264
12360
12456
12556
12652
12752
12848
12948
13044
13144
13240
13340
13436
13536
13632
13732
13828
13928
14024
14124
14220
14320
14416
14516
14612
14708
14808
14904
15004
15100
15196
15296
15392
15488
15588
15684
15784
15880
15976
16076
16172
16268
16368
16464
16564
16660
16756
16856
16952
17048
17144
17244
17340
17436
17536
17632
17728
17824
17924
18020
18116
18216
18312
18408
18508
18604
18700
18800
18896
18996
19092
19188
19284
19384
19480
19580
19676
19776
19872
19968
20068
20164
20264
20360
20456
20556
20652
20748
20848
20944
21044
21140
21240
21336
21436
21532
21628
21728
21824
21924
22020
22120
22216
22316
22412
22512
22608
22708
22804
22900
23000
23100
23196
23296
23392
23488
23588
23684
23784
23880
23980
24076
24176
24272
24372
24468
24564
24664
24760
24860
24956
25052
25152
25248
25348
25444
25540
25640
25736
25836
25932
26028
26124
26224
26320
26420
26516
26612
26708
26808
26904
27000
27096
27196
27292
27388
27488
27584
27680
27776
27876
27972
28068
28168
28264
28364
28460
28556
28652
28752
28848
28948
29044
29140
29240
29336
29436
29532
29628
29728
29824
29924
30020
30116
30216
30312
30408
30508
30604
30700
30800
30896
30996
31092
31192
31288
31388
31484
31580
31680
31780
31876
31972
32072
32168
32268
32364
32464
32560
32660
32756
32856
32952
33052
33148
33248
33344
33440
33540
33636
33736
33832
33932
34028
34128
34224
34320
34420
34516
34616
34712
34808
34908
35004
35100
35200
35296
35396
35492
35592
35688
35784
35880
35980
36076
36172
36272
36368
36464
36564
36660
36756
36852
36948
37048
37144
37240
37340
37436
37532
37628
37728
37824
37920
38020
38116
38216
38312
38408
38508
38604
38700
38800
38896
38992
39092
39188
39288
39384
39480
39580
39676
39776
39872
39968
40068
40164
40260
40360
40456
40556
40652
40748
40848
40944
41044
41140
41240
41336
41436
41532
41628
41728
41824
41924
42020
42120
42216
42316
42412
42512
42608
42708
42804
42904
43000
43096
43196
43292
43392
43488
43588
43684
43784
43880
43976
44076
44172
44272
44368
44464
44564
44660
44756
44856
44952
45052
45148
45244
45344
45440
45536
45632
45732
45828
45928
46024
46120
46220
46316
46412
46508
46608
46704
46800
46896
46996
47092
47188
47284
47384
47480
47576
47676
47772
47872
47968
48064
48160
48260
48356
48452
48552
48648
48708
48744
48844
48940
49040
49136
49236
49332
49428
49528
49624
49720
49820
49916
50012
50112
50208
50308
50404
50500
50600
50696
50796
50892
50992
51088
51188
51284
51380
51480
51576
51676
51772
51872
51968
52068
52164
52264
52360
52456
52556
52652
52752
52848
52948
53044
53144
53240
53340
53436
53536
53632
53728
53824
53924
54020
54120
54216
54316
54412
54508
54608
54704
54800
54900
54996
55096
55192
55288
55384
55484
55580
55676
55776
55872
55968
56064
56160
56260
56356
56452
56552
56648
56744
56840
56940
57036
57132
57228
57328
57424
57524
57620
57716
57816
57912
58008
58104
58204
58300
58400
58496
58592
58692
58788
58884
58984
59080
59180
59276
59372
59472
59568
59664
59764
59860
59956
60056
60152
60252
60348
60448
60544
60640
60740
60836
60936
61032
61132
61228
61328
61424
61520
61620
61720
61816
61912
62012
62108
62208
62304
62404
62500
62596
62696
62792
62892
62988
63088
63184
63284
63380
63476
63576
63672
63768
63868
63964
64064
64160
64256
64356
64452
64548
64648
64744
64844
64940
65036
65132
65232
65328
65424
65524
84
180
276
376
472
568
664
764
860
956
1052
1152
1248
1344
1440
1540
1636
1736
1832
1928
2028
2124
2220
2316
2416
2512
2608
2708
2804
2904
3000
3096
3196
3292
3392
3488
3584
3684
3780
3876
3972
4072
4168
4268
4364
4464
4560
4660
4756
4852
4952
5048
5148
5244
5340
5440
5536
5636
5732
5832
5928
6024
6124
6220
6320
6416
6516
6612
6712
6808
6904
7004
7100
7200
7300
7396
7492
7592
7688
7784
7884
7980
8080
8176
8272
8368
8468
8564
8660
8760
8856
8956
9052
9148
9244
9344
9440
9536
9636
9732
9828
9928
10024
10120
10216
10316
10412
10508
10604
10700
10800
10896
10992
11092
11188
11284
11380
11480
11576
11672
11772
11868
11964
12064
12160
12256
12356
12452
12548
12648
12744
12844
12940
13036
13136
13232
13328
13428
13524
13620
13720
13816
13912
14012
14108
14208
14304
14404
14500
14596
14696
14792
14892
14988
15088
15184
15280
15380
15476
15576
15672
15768
15868
15964
16064
16160
16260
16356
16456
16552
16648
16748
16844
16944
17040
17140
17236
17336
17432
17528
17624
17724
17820
17916
18016
18112
18208
18308
18404
18504
18600
18696
18796
18892
18988
19088
19184
19280
19380
19476
19572
19668
19764
19864
19960
20056
20152
20252
20348
20444
20540
20640
20736
20832
20928
21028
21124
21220
21320
21416
21512
21612
21708
21804
21904
22000
22096
22152
22196
22292
22388
22488
22584
22684
22780
22876
22976
23072
23168
23264
23364
23460
23560
23656
23752
23852
23948
24048
24144
24240
24340
24436
24536
24632
24728
24828
24924
25024
25120
25220
25316
25416
25512
25608
25708
25804
25904
26000
26100
26196
26292
26392
26488
26588
26684
26784
26880
26980
27076
27172
27272
27368
27464
27564
27660
27756
27856
27952
28048
28148
28244
28340
28440
28536
28632
28728
28828
28924
29024
29120
29216
29312
29412
29508
29604
29704
29800
29896
29992
30088
30188
30284
30380
30476
30572
30672
30768
30864
30964
31060
31156
31256
31352
31448
31544
31644
31740
31840
31936
32032
32132
32228
32324
32424
32520
32616
32716
32812
32908
33008
33104
33200
33300
33396
33492
33592
33688
33788
33884
33980
34080
34176
34276
34372
34472
34568
34664
34764
34860
34960
35056
35156
35252
35348
35448
35544
35644
35740
35840
35936
36032
36132
36228
36328
36424
36524
36620
36716
36816
36912
37008
37108
37204
37304
37400
37496
37592
37692
37788
37884
37984
38080
38176
38276
38372
38468
38568
38664
38760
38860
38956
39052
39148
39244
39344
39440
39536
39632
39732
39828
39924
40020
40120
40216
40312
40408
40508
40604
40700
40800
40896
40992
41088
41188
41284
41380
41480
41576
41672
41772
41868
41968
42064
42160
42256
42356
42452
42552
42648
42744
42840
42940
43036
43132
43232
43328
43428
43524
43624
43720
43816
43916
44012
44112
44208
44304
44404
44500
44600
44696
44796
44892
44988
45088
45184
45284
45380
45480
45576
45672
45772
45868
45968
46064
46160
46260
46356
46456
46552
46648
46748
46844
46940
47040
47136
47232
47332
47428
47524
47624
47720
47820
47916
48012
48108
48208
48304
48400
48500
48596
48692
48788
48888
48984
49080
49176
49272
49372
49468
49564
49660
49756
49856
49952
50048
50144
50244
50340
50436
50536
50632
50728
50828
50924
51020
51120
51216
51312
51408
51508
51604
51704
51800
51896
51996
52092
52188
52288
52384
52480
52576
52676
52772
52868
52968
53064
53164
53260
53360
53456
53552
53652
53748
53848
53944
54040
54140
54236
54336
54432
54532
54628
54724
54824
54920
55020
55116
55212
55312
55408
55508
55604
55700
55800
55896
55996
56092
56192
56288
56384
56484
56580
56676
56776
56872
56968
57068
57164
57260
57360
57456
57552
57652
57748
57844
57940
58040
58136
58232
58332
58428
58524
58620
58720
58816
58912
59008
59104
59204
59300
59400
59492
59592
59688
59784
59880
59976
60076
60172
60272
60368
60464
60560
60660
60756
60852
60948
61048
61144
61244
61340
61436
61536
61632
61728
61828
61924
62020
62120
62216
62312
62408
62508
62604
62704
62800
62896
62996
63092
63188
63288
63384
63484
63580
63680
63776
63872
63972
64068
64168
64264
64360
64460
64556
64656
64752
64848
64948
65044
65144
65240
65336
65436
0
96
192
292
388
484
584
680
776
876
972
1068
1168
1264
1360
1460
1556
1652
1752
1848
1944
2040
2140
2236
2332
2432
2528
2624
2720
2820
2916
3012
3108
3204
3304
3400
3496
3592
3688
3788
3884
3980
4076
4176
4272
4368
4468
4564
4660
4756
4856
4952
5048
5144
5244
5340
5440
5536
5632
5732
5828
5924
6024
6120
6216
6312
6412
6508
6604
6704
6800
6896
6996
7092
7188
7288
7384
7484
7580
7680
7776
7872
7972
8068
8168
8264
8360
8460
8556
8656
8752
8848
8948
9044
9144
9240
9336
9436
9532
9632
9728
9828
9924
10020
10120
10216
10312
10412
10508
10604
10704
10800
10896
10996
11092
11188
11284
11384
11480
11580
11676
11772
11868
11968
12064
12160
12260
12356
12452
12548
12644
12740
12840
12936
13032
13128
13224
13324
13420
13516
13612
13712
13808
13904
14000
14100
14196
14292
14392
14488
14584
14684
14780
14876
14972
15072
15168
15264
15368
15460
15556
15656
15752
15848
15948
16044
16140
16236
16336
16432
16528
16628
16724
16824
16920
17016
17116
17212
17312
17408
17504
17604
17700
17800
17896
17992
18092
18188
18288
18384
18480
18580
18676
18772
18872
18968
19068
19164
19264
19360
19456
19556
19652
19752
19848
19944
20044
20140
20236
20336
20432
20528
20628
20724
20820
20920
21016
21112
21212
21308
21404
21500
21596
21696
21792
21892
21988
22084
22180
22276
22376
22472
22568
22664
22760
22860
22956
23052
23148
23248
23344
23440
23536
23632
23732
23828
23924
24024
24120
24216
24312
24412
24508
24604
24704
24800
24896
24996
25092
25188
25288
25384
25480
25580
25676
25772
25868
25968
26064
26160
26260
26356
26452
26552
26648
26748
26844
26940
27040
27136
27232
27332
27428
27528
27624
27720
27820
27916
28016
28112
28208
28308
28404
28500
28600
28696
28796
28892
28988
29088
29184
29284
29380
29480
29576
29672
29772
29868
29964
30064
30160
30256
30352
30452
30548
30644
30744
30840
30936
31036
31132
31228
31324
31424
31520
31616
31716
31812
31908
32004
32100
32196
32296
32392
32488
32584
32684
32780
32876
32972
33068
33168
33264
33360
33460
33556
33652
33748
33848
33944
34040
34136
34236
34332
34428
34516
34524
34624
34720
34820
34916
35012
35108
35208
35304
35400
35500
35596
35692
35792
35888
35984
36084
36180
36276
36376
36472
36568
36668
36764
36864
36960
37056
37156
37252
37352
37448
37544
37644
37740
37836
37936
38032
38132
38228
38328
38424
38520
38620
38716
38816
38912
39008
39108
39204
39304
39400
39496
39592
39692
39788
39884
39984
40080
40176
40272
40372
40468
40568
40664
40760
40860
40956
41052
41148
41244
41344
41440
41536
41632
41732
41828
41924
42020
42120
42216
42312
42408
42504
42600
42700
42796
42892
42988
43084
43184
43280
43380
43476
43572
43668
43768
43864
43960
44056
44156
44252
44348
44448
44544
44640
44740
44836
44932
45032
45128
45224
45320
45420
45516
45612
45708
45808
45904
46004
46100
46196
46296
46392
46488
46588
46684
46784
46880
46976
47076
47172
47272
47368
47464
47564
47660
47760
47856
47952
48052
48148
48248
48344
48440
48540
48636
48736
48832
48928
49028
49124
49220
49320
49416
49512
49612
49708
49804
49900
50000
50096
50192
50292
50388
50484
50584
50680
50776
50872
50972
51068
51164
51264
51360
51456
51552
51648
51744
51844
51940
52036
52132
52232
52328
52424
52520
52616
52712
52812
52908
53004
53104
53200
53296
53392
53492
53588
53684
53780
53880
53976
54072
54172
54268
54364
54464
54560
54656
54756
54852
54948
55044
55140
55240
55336
55436
55532
55628
55728
55824
55924
56020
56116
56212
56312
56408
56508
56604
56700
56800
56896
56996
57092
57188
57288
57384
57480
57580
57676
57776
57872
57968
58068
58164
58260
58360
58456
58556
58652
58752
58848
58944
59040
59140
59236
59332
59432
59528
59624
59720
59820
59916
60012
60112
60208
60308
60404
60500
60596
60692
60792
60888
60984
61080
61176
61276
61372
61468
61564
61660
61760
61856
61952
62048
62144
62240
62340
62436
62532
62628
62728
62824
62920
63020
63116
63212
63308
63408
63504
63600
63696
63796
63892
63988
64088
64184
64280
64380
64476
64572
64668
64768
64864
64960
65056
65156
65252
65348
65448
8
108
0
