19300
19348
19428
19512
19596
19676
19760
19844
19924
20008
20092
20172
20256
20340
20420
20504
20588
20672
20756
20836
20920
21000
21084
21168
21248
21332
21416
21500
21580
21664
21748
21832
21916
21996
22080
22164
22244
22328
22412
22492
22576
22660
22744
22824
22908
22992
23076
23156
23240
23324
23404
23488
23572
23652
23736
23820
23904
23984
24068
24152
24236
24316
24400
24484
24564
24648
24732
24812
24896
24980
25064
25144
25228
25308
25392
25476
25556
25640
25724
25804
25888
25972
26052
26136
26220
26300
26384
26468
26548
26632
26716
26796
26880
26960
27044
27128
27208
27292
27376
27456
27540
27620
27704
27788
27868
27952
28036
28116
28200
28284
28368
28448
28532
28612
28696
28780
28864
28944
29028
29112
29192
29276
29360
29440
29524
29608
29688
29772
29856
29940
30024
30104
30188
30272
30352
30436
30520
30600
30684
30768
30852
30932
31016
31100
31184
31268
31348
31432
31516
31596
31680
31760
31844
31928
32012
32092
32176
32260
32344
32424
32508
32592
32676
32756
32840
32924
33004
33088
33172
33252
33336
33420
33500
33584
33668
33748
33832
33912
33996
34080
34160
34244
34328
34408
34492
34576
34656
34740
34824
34908
34988
35072
35156
35236
35320
35400
35484
35564
35648
35720
35732
35812
35896
35980
36060
36144
36224
36308
36392
36472
36556
36640
36720
36804
36888
36968
37052
37136
37220
37300
37384
37468
37548
37632
37716
37796
37880
37964
38048
38128
38212
38296
38380
38460
38544
38628
38708
38792
38876
38960
39040
39124
39208
39288
39372
39456
39540
39620
39704
39788
39868
39952
40036
40116
40200
40284
40368
40448
40532
40616
40700
40780
40864
40948
41028
41112
41196
41276
41360
41444
41528
41608
41692
41772
41856
41940
42020
42104
42188
42268
42352
42436
42516
42600
42684
42764
42848
42932
43016
43096
43180
43260
43344
43428
43508
43592
43672
43756
43836
43920
43992
44004
44088
44168
44252
44332
44416
44496
44580
44664
44748
44828
44912
44996
45076
45160
45244
45324
45408
45492
45572
45656
45740
45820
45904
45988
46072
46152
46236
46320
46400
46484
46568
46652
46736
46816
46900
46984
47064
47148
47232
47312
47396
47480
47560
47644
47728
47812
47892
47976
48060
48140
48224
48308
48388
48472
48556
48640
48720
48804
48888
48972
49052
49136
49220
49300
49384
49468
49548
49632
49716
49800
49880
49964
50044
50128
50212
50292
50376
50460
50540
50624
50708
50788
50872
50956
51036
51120
51204
51284
51368
51452
51532
51616
51696
51780
51864
51944
52028
52108
52192
52272
52284
52356
52440
52524
52604
52688
52768
52852
52936
53016
53100
53184
53264
53348
53432
53512
53596
53680
53764
53844
53928
54012
54092
54176
54260
54340
54424
54508
54592
54672
54756
54840
54924
55004
55088
55172
55252
55336
55420
55500
55584
55668
55752
55832
55916
56000
56080
56164
56248
56332
56412
56496
56576
56660
56744
56828
56908
56992
57076
57160
57240
57324
57408
57488
57572
57656
57736
57820
57904
57988
58068
58152
58236
58316
58400
58480
58564
58648
58728
58812
58896
58976
59060
59144
59224
59308
59392
59472
59556
59640
59720
59804
59888
59968
60052
60132
60216
60300
60380
60464
60544
60628
60712
60792
60876
60956
61040
61124
61204
61288
61372
61452
61536
61620
61700
61784
61868
61948
62032
62116
62200
62280
62364
62444
62528
62612
62696
62776
62860
62944
63028
63108
63192
63276
63360
63440
63524
63604
63688
63772
63856
63936
64020
64104
64188
64268
64352
64436
64520
64600
64684
64764
64848
64932
65012
65096
65180
65264
65344
65428
65512
56
140
224
308
388
472
552
636
720
804
884
968
1052
1132
1216
1296
1380
1464
1544
1628
1712
1792
1876
1960
2040
2124
2208
2288
2372
2456
2536
2620
2700
2784
2868
2948
3032
3112
3196
3244
3268
3280
3360
3444
3528
3608
3692
3772
3856
3940
4020
4104
4188
4268
4352
4436
4516
4600
4684
4764
4848
4932
5016
5096
5180
5264
5344
5428
5512
5592
5676
5760
5844
5924
6008
6092
6172
6256
6340
6420
6504
6588
6672
6752
6836
6920
7004
7084
7168
7252
7332
7416
7496
7580
7664
7748
7828
7912
7996
8076
8160
8244
8328
8408
8492
8576
8660
8740
8824
8904
8988
9072
9152
9236
9320
9400
9484
9564
9648
9732
9812
9896
9980
10064
10144
10228
10308
10392
10476
10556
10640
10724
10808
10888
10972
11052
11136
11216
11300
11380
11464
11548
11628
11712
11796
11876
11960
12040
12124
12208
12288
12372
12456
12536
12620
12704
12784
12868
12952
13036
13116
13200
13284
13364
13448
13532
13612
13696
13780
13860
13944
14028
14112
14192
14276
14360
14440
14524
14608
14688
14772
14856
14940
15020
15104
15188
15272
15352
15436
15520
15600
15684
15768
15848
15932
16016
16096
16180
16264
16348
16428
16512
16596
16676
16760
16844
16928
17008
17092
17176
17256
17340
17424
17504
17588
17668
17752
17836
17916
18000
18084
18164
18248
18332
18412
18496
18576
18660
18744
18824
18908
18992
19076
19156
19240
19320
19404
19484
19568
19648
19732
19816
19896
19980
20064
20144
20228
20308
20392
20476
20560
20640
20724
20804
20888
20972
21056
21136
21220
21304
21384
21468
21552
21632
21716
21800
21880
21964
22048
22128
22212
22296
22380
22460
22544
22628
22708
22792
22876
22956
23040
23124
23208
23288
23372
23456
23540
23620
23704
23788
23868
23952
24032
24116
24200
24284
24364
24448
24532
24616
24696
24780
24864
24944
25028
25112
25196
25276
25360
25440
25524
25608
25692
25772
25856
25936
26020
26104
26184
26268
26348
26432
26516
26600
26680
26764
26844
26928
27012
27092
27176
27260
27344
27424
27508
27588
27672
27752
27836
27916
28000
28084
28164
28248
28332
28412
28496
28576
28660
28744
28828
28908
28992
29072
29156
29240
29320
29404
29488
29572
29652
29736
29820
29900
29984
30068
30148
30232
30316
30396
30480
30564
30648
30728
30812
30896
30976
31060
31144
31224
31308
31392
31476
31556
31640
31724
31808
31888
31972
32056
32136
32220
32300
32384
32468
32552
32636
32716
32800
32884
32964
33048
33132
33212
33296
33380
33464
33544
33628
33708
33792
33876
33960
34040
34124
34204
34288
34372
34452
34536
34616
34700
34784
34868
34948
35032
35112
35196
35280
35360
35444
35528
35612
35692
35776
35856
35940
36020
36104
36184
36268
36352
36432
36516
36600
36680
36764
36844
36928
37012
37096
37176
37260
37344
37424
37508
37588
37672
37756
37840
37920
38004
38088
38168
38252
38336
38416
38500
38584
38668
38748
38832
38920
39000
39080
39164
39244
39328
39412
39496
39576
39660
39744
39828
39908
39992
40076
40156
40240
40324
40408
40488
40572
40652
40736
40820
40904
40984
41068
41152
41232
41316
41400
41484
41564
41648
41732
41812
41896
41980
42060
42144
42228
42312
42392
42476
42556
42640
42720
42804
42888
42968
43052
43136
43216
43300
43384
43464
43548
43632
43712
43796
43880
43960
44044
44124
44208
44292
44372
44456
44536
44620
44704
44784
44868
44952
45032
45116
45200
45280
45364
45448
45528
45612
45696
45776
45860
45944
46024
46108
46192
46272
46356
46440
46520
46604
46688
46768
46852
46936
47020
47100
47184
47268
47352
47432
47516
47600
47680
47764
47848
47928
48012
48096
48180
48260
48344
48428
48512
48592
48676
48760
48840
48924
49004
49088
49172
49256
49336
49420
49504
49588
49668
49752
49836
49916
50000
50084
50164
50248
50332
50412
50496
50580
50660
50744
50828
50908
50992
51076
51156
51240
51324
51404
51488
51572
51652
51736
51816
51900
51984
52068
52148
52232
52312
52396
52480
52560
52644
52724
52808
52876
52888
52896
52972
53056
53136
53220
53304
53384
53468
53552
53632
53716
53800
53880
53964
54048
54128
54212
54296
54376
54460
54544
54628
54708
54792
54876
54956
55040
55124
55204
55288
55372
55456
55536
55620
55704
55788
55868
55952
56036
56116
56200
56284
56368
56448
56532
56616
56696
56780
56864
56948
57028
57112
57192
57276
57360
57444
57524
57608
57692
57776
57856
57940
58024
58104
58188
58272
58352
58436
58520
58600
58684
58768
58852
58932
59016
59096
59180
59264
59344
59428
59512
59592
59676
59760
59840
59924
60008
60088
60172
60256
60336
60424
60504
60584
60668
60748
60832
60916
60996
61080
61160
61244
61328
61408
61492
61576
61656
61740
61824
61904
61988
62072
62152
62236
62320
62400
62484
62568
62648
62732
62816
62896
62980
63064
63144
63228
63312
63396
63476
63560
63644
63728
63808
63892
63976
64056
64140
64224
64304
64388
64472
64556
64636
64720
64804
64888
64968
65052
65136
65220
65300
65384
65464
12
96
180
260
344
428
508
592
676
760
840
924
1008
1088
1172
1256
1340
1420
1504
1588
1668
1752
1832
1916
2000
2084
2164
2248
2328
2412
2496
2576
2660
2744
2824
2908
2992
3072
3156
3240
3320
3404
3484
3568
3652
3732
3816
3896
3980
4064
4148
4228
4312
4392
4476
4560
4640
4724
4808
4888
4972
5056
5136
5220
5304
5384
5468
5552
5632
5716
5800
5884
5964
6048
6132
6212
6296
6380
6464
6544
6628
6712
6792
6876
6960
7044
7124
7208
7292
7376
7456
7540
7624
7704
7788
7872
7956
8036
8120
8200
8284
8368
8452
8532
8616
8700
8780
8864
8948
9032
9116
9196
9280
9360
9444
9528
9608
9692
9776
9860
9940
10024
10104
10188
10272
10352
10436
10520
10600
10684
10768
10848
10932
11016
11096
11180
11264
11344
11428
11512
11592
11676
11756
11840
11924
12004
12088
12168
12252
12336
12416
12500
12584
12664
12748
12832
12912
12996
13080
13160
13244
13328
13408
13492
13576
13660
13740
13824
13904
13988
14072
14156
14236
14320
14404
14484
14568
14652
14736
14820
14900
14984
15064
15148
15232
15316
15396
15480
15564
15644
15728
15812
15896
15976
16060
16144
16228
16308
16392
16472
16556
16640
16724
16804
16888
16972
17056
17136
17220
17264
17304
17384
17468
17552
17632
17716
17800
17880
17964
18048
18132
18212
18296
18376
18460
18544
18624
18708
18792
18872
18956
19040
19120
19204
19288
19368
19452
19536
19620
19700
19784
19864
19948
20028
20112
20196
20276
20360
20440
20524
20608
20692
20772
20856
20936
21020
21104
21184
21268
21352
21432
21516
21600
21680
21764
21848
21928
22012
22096
22180
22260
22344
22428
22508
22592
22676
22756
22840
22924
23008
23092
23172
23256
23340
23420
23504
23588
23668
23752
23836
23920
24000
24084
24168
24252
24332
24416
24500
24584
24664
24748
24828
24912
24996
25076
25160
25244
25328
25408
25492
25576
25660
25740
25824
25908
25988
26072
26156
26236
26320
26404
26484
26568
26652
26732
26816
26900
26980
27064
27148
27228
27312
27396
27476
27560
27644
27724
27808
27892
27972
28056
28136
28220
28304
28384
28468
28548
28632
28708
28720
28796
28880
28964
29044
29128
29212
29292
29376
29460
29540
29624
29708
29788
29872
29956
30036
30120
30204
30284
30368
30452
30532
30616
30700
30784
30864
30948
31032
31116
31196
31280
31364
31448
31528
31612
31696
31776
31860
31944
32028
32108
32192
32276
32356
32440
32524
32608
32688
32776
32856
32936
33020
33104
33184
33268
33352
33436
33516
33600
33684
33768
33848
33932
34016
34096
34180
34260
34344
34428
34512
34596
34676
34760
34840
34924
35008
35088
35172
35256
35336
35420
35504
35584
35668
35752
35832
35916
36000
36080
36164
36248
36332
36412
36496
36576
36660
36740
36824
36908
36988
37072
37156
37236
37320
37400
37484
37568
37652
37732
37816
37896
37980
38064
38144
38228
38312
38396
38476
38560
38644
38724
38808
38892
38976
39056
39140
39224
39304
39388
39472
39556
39640
39720
39804
39884
39968
40052
40136
40216
40300
40384
40468
40548
40632
40716
40796
40880
40968
41048
41128
41212
41296
41376
41460
41544
41624
41708
41792
41876
41960
42040
42124
42208
42288
42372
42456
42536
42620
42704
42784
42868
42952
43032
43116
43200
43280
43364
43448
43528
43612
43696
43780
43860
43944
44024
44108
44192
44272
44356
44440
44524
44604
44688
44768
44852
44932
45016
45100
45180
45264
45348
45428
45512
45596
45676
45760
45844
45924
46008
46092
46172
46256
46340
46420
46504
46588
46668
46752
46836
46920
47000
47084
47168
47248
47332
47416
47496
47580
47664
47748
47828
47912
47996
48080
48160
48244
48328
48408
48492
48576
48660
48740
48824
48908
48992
49072
49160
49240
49324
49404
49488
49568
49652
49736
49820
49900
49984
50068
50152
50232
50316
50400
50484
50564
50648
50732
50812
50896
50980
51060
51144
51228
51312
51392
51476
51556
51640
51724
51804
51888
51972
52052
52136
52220
52300
52384
52468
52548
52632
52716
52800
52880
52964
53044
53128
53212
53292
53376
53460
53528
53540
53624
53704
53788
53872
53952
54036
54120
54200
54284
54368
54448
54532
54616
54696
54780
54864
54944
55028
55112
55196
55276
55360
55444
55524
55608
55692
55776
55856
55940
56024
56108
56188
56272
56356
56436
56520
56604
56688
56768
56852
56936
57020
57100
57184
57268
57352
57432
57516
57600
57680
57764
57848
57928
58012
58096
58180
58264
58344
58428
58512
58592
58676
58760
58840
58924
59008
59088
59172
59256
59340
59420
59504
59588
59668
59752
59836
59916
60000
60084
60164
60248
60332
60412
60496
60580
60660
60744
60828
60908
60992
61076
61160
61240
61324
61404
61488
61572
61652
61736
61808
61816
61828
61900
61984
62064
62148
62232
62312
62396
62480
62560
62644
62728
62808
62892
62976
63056
63140
63224
63308
63388
63472
63556
63636
63720
63804
63888
63968
64052
64136
64220
64300
64384
64468
64552
64632
64716
64800
64880
64964
65048
65132
65212
65296
65380
65464
8
92
176
260
340
424
504
588
672
756
840
920
1004
1088
1168
1252
1336
1420
1500
1584
1668
1748
1832
1916
1996
2080
2164
2248
2328
2412
2496
2576
2660
2744
2824
2908
2992
3072
3156
3240
3320
3404
3488
3568
3652
3736
3820
3900
3984
4064
4148
4232
4312
4396
4476
4556
4564
4644
4724
4808
4892
4972
5056
5140
5220
5304
5388
5468
5552
5636
5716
5800
5884
5968
6048
6132
6216
6296
6380
6464
6548
6628
6712
6796
6876
6960
7044
7128
7212
7292
7376
7460
7540
7624
7708
7792
7872
7956
8040
8124
8204
8288
8372
8456
8536
8620
8704
8784
8868
8952
9032
9116
9200
9284
9364
9448
9532
9616
9696
9780
9864
9948
10028
10112
10192
10276
10360
10444
10528
10608
10692
10776
10856
10940
11020
11104
11188
11272
11352
11436
11520
11600
11684
11764
11848
11932
12016
12096
12180
12260
12344
12428
12508
12592
12672
12756
12832
12840
12924
13004
13088
13168
13252
13336
13420
13500
13584
13668
13748
13832
13916
13996
14080
14164
14244
14328
14412
14496
14576
14660
14744
14828
14908
14992
15076
15156
15240
15324
15408
15488
15572
15656
15740
15824
15904
15988
16072
16152
16236
16320
16404
16484
16568
16652
16736
16816
16900
16984
17064
17148
17232
17312
17396
17480
17564
17648
17728
17812
17896
17976
18060
18144
18228
18308
18392
18472
18556
18640
18724
18808
18888
18972
19052
19136
19220
19300
19384
19468
19552
19632
19716
19800
19880
19964
20048
20128
20212
20296
20376
20460
20544
20624
20708
20792
20872
20956
21036
21120
21204
21284
21368
21452
21532
21616
21700
21780
21864
21948
22028
22112
22196
22280
22360
22444
22528
22612
22692
22776
22860
22940
23024
23108
23188
23272
23356
23440
23520
23604
23688
23772
23856
23936
24020
24104
24184
24268
24352
24436
24516
24600
24684
24768
24848
24932
25016
25100
25180
25264
25348
25428
25512
25596
25680
25760
25844
25928
26008
26092
26176
26260
26344
26424
26508
26592
26672
26756
26840
26924
27004
27088
27172
27252
27336
27416
27500
27584
27664
27748
27832
27916
27996
28080
28164
0
