19300
25168
25352
25576
25708
25912
26120
26324
26528
26732
26936
27140
27348
27552
27756
27960
28164
28372
28576
28780
28988
29192
29396
29600
29804
30012
30216
30384
30392
30404
30420
30628
30832
31040
31244
31448
31724
41612
42012
42212
42344
42552
42756
42960
43164
43368
43576
43780
43984
44192
44396
44600
44804
45012
45216
45420
45628
45832
46036
46240
46448
46652
46856
47060
47264
47472
47672
47880
48084
48360
48796
50920
50932
58620
58776
58952
59160
59364
59568
59776
59980
60184
60392
60596
60804
61008
61212
61420
61624
61828
62036
62240
62444
62648
62852
63060
63264
63468
63672
63876
64080
64284
64488
64696
64972
5872
5884
9496
9672
9864
10072
10204
10408
10616
10820
11024
11232
11436
11640
11844
12052
12256
12460
12868
13076
13280
13484
13688
13896
14100
14308
14512
14720
14924
15128
15332
15536
15744
16020
16232
24216
26240
26320
26332
26340
26440
26644
26776
26980
27184
27388
27592
27792
28000
28204
28408
28612
28816
29020
29224
29428
29632
29836
29984
29996
30044
30248
30452
30656
30860
31068
31272
31476
31684
31888
32092
32296
32500
32776
42996
43196
43400
43532
43736
43940
44144
44348
44552
44756
44960
45164
45368
45568
45772
45976
46180
46384
46588
46732
46748
46756
46768
46792
46996
47204
47404
47608
47812
48016
48220
48424
48628
48832
49036
49312
49512
59728
59932
60064
60268
60472
60676
60880
61084
61288
61492
61696
61900
62104
62308
62512
62716
62920
63124
63328
63528
63732
63936
64140
64344
64548
64748
64952
65156
65360
28
228
504
720
1556
1576
1592
1608
1620
5272
10920
11108
11240
11444
11652
11852
12056
12260
12464
12668
12872
13076
13280
13484
13688
13888
14096
14296
14500
14704
14904
15108
15312
15516
15720
15924
16128
16332
16536
16736
16996
21976
21988
25576
27588
27788
27920
28124
28328
28532
28736
28940
29144
29348
29548
29752
29780
29956
30164
30368
30572
30776
30980
31184
31388
31592
31796
32000
32196
32208
32404
32612
32812
33016
33220
33496
33700
42300
42312
44248
44452
44584
44788
44992
45196
45396
45600
45804
45972
46008
46212
46416
46620
46824
47028
47232
47436
47636
47840
48044
48248
48452
48656
48860
49060
49264
49468
49672
49876
50080
50116
50356
60912
61112
61244
61448
61648
61852
62056
62260
62460
62584
62592
62604
62620
62632
62644
62664
62868
63072
63276
63476
63676
63880
64084
64284
64488
64692
64892
65096
65300
65504
168
372
576
780
980
1184
1460
12024
12224
12356
12556
12760
12964
13168
13372
13572
13772
13976
14176
14380
14584
14784
14984
15188
15392
15592
15796
15996
16200
16400
16604
16808
17008
17212
17352
17364
17380
17392
17416
17616
17820
18092
28456
28660
28852
28980
29184
29384
29588
29792
29992
30192
30396
30600
30800
31004
31208
31408
31612
31812
32016
32220
32420
32624
32824
33028
33232
33436
33636
33840
34040
34240
34440
34712
37620
37640
37652
45248
45388
45396
45408
45576
45780
45984
46188
46392
46592
46796
47000
47200
47404
47608
47788
47812
48012
48216
48420
48624
48824
49028
49228
49432
49632
49836
50036
50240
50440
50644
50844
51048
51320
51524
57860
57884
57892
61452
62040
62232
62360
62564
62768
62968
63172
63376
63576
63780
63984
64188
64388
64588
64792
64996
65196
65400
64
268
472
676
880
1084
1284
1488
1688
1892
2096
2368
12528
12540
12552
12564
13264
13396
13596
13800
14000
14200
14404
14604
14808
15008
15212
15412
15612
15816
16020
16220
16424
16628
16828
17032
17232
17436
17640
17844
18044
18244
18448
18652
18924
19128
29832
30024
30156
30356
30560
30760
30964
31164
31364
31564
31764
31968
32168
32372
32572
32700
32712
32724
32732
32776
32976
33180
33380
33580
33780
33984
34184
34384
34588
34788
34988
35192
35392
35664
36276
46568
46700
46900
47104
47304
47508
47708
47908
48108
48312
48512
48716
48916
49116
49316
49516
49720
49920
50120
50324
50524
50724
50924
51128
51328
51528
51728
51928
52132
52404
52884
52896
52908
63108
63296
63428
63628
63832
64032
64232
64436
64636
64836
65036
65240
65440
104
304
508
708
912
1112
1312
1516
1716
1916
2120
2320
2520
2720
2924
3124
3392
3604
7496
7508
14060
14260
14388
14592
14792
14992
15196
15400
15600
15804
16004
16208
16408
16608
16812
17012
17216
17416
17620
17820
18020
18224
18424
18628
18828
19028
19228
19428
19632
19832
20032
20304
27636
27648
30744
30948
31076
31224
31280
31480
31680
31884
32084
32288
32488
32688
32892
33092
33292
33496
33696
33900
34100
34300
34500
34704
34904
35104
35308
35508
35712
35912
36112
36316
36516
36716
36992
47428
47628
47700
47708
47720
47756
47960
48160
48360
48560
48760
48960
49160
49364
49564
49764
49964
50164
50364
50568
50768
50968
51168
51336
51372
51572
51772
51976
52176
52376
52580
52780
52980
53184
53384
53656
55400
64096
64300
64428
64628
64828
65028
65228
65428
92
292
492
692
892
1092
1292
1492
1692
1892
2092
2216
2228
2240
2252
2264
2292
2496
2696
2896
3096
3296
3496
3696
3896
4096
4296
4496
4768
15208
15412
15540
15740
15944
16144
16344
16544
16744
16944
17144
17344
17544
17744
17944
18148
18344
18544
18744
18944
19144
19344
19544
19744
19944
20144
20344
20544
20744
20944
21140
21408
22292
22312
31840
32040
32168
32372
32568
32776
32972
33172
33372
33572
33772
33972
34172
34372
34572
34772
34972
35172
35372
35572
35772
35972
36172
36372
36572
36772
36976
37172
37372
37572
37772
38044
45828
48444
48644
48772
48972
49172
49372
49572
49772
49948
49956
49976
50176
50376
50576
50776
50980
51180
51380
51580
51780
51980
52180
52368
52384
52580
52784
52984
53184
53384
53584
53784
53984
54184
54384
54652
57416
62300
62308
62320
65036
65232
65360
24
224
368
412
424
624
824
1024
1224
1424
1624
1824
2028
2228
2428
2628
2828
3028
3228
3428
3624
3828
4028
4228
4428
4628
4828
5028
5228
5432
5700
5904
16276
16476
16604
16724
16744
16752
16800
17004
17204
17404
17600
17800
18000
18196
18396
18596
18796
18996
19196
19396
19596
19792
19992
20192
20392
20592
20792
20992
21192
21392
21592
21796
21996
22264
22464
32844
33044
33172
33372
33572
33768
33968
34168
34368
34564
34764
34964
35164
35360
35560
35756
35956
36156
36356
36552
36700
36708
36752
36952
37152
37352
37552
37748
37948
38148
38344
38544
38744
38944
39216
40224
49412
49592
49720
49920
50120
50320
50520
50716
50916
51116
51316
51516
51712
51912
52112
52312
52512
52712
52908
53108
53304
53504
53700
53900
54100
54296
54496
54696
54892
55092
55292
55488
55756
56616
56628
56636
64188
584
784
916
1112
1312
1512
1712
1912
2112
2308
2508
2708
2908
3104
3304
3500
3700
3900
4096
4296
4496
4696
4896
5092
5292
5492
5692
5888
6088
6288
6488
6684
6952
10984
10996
14592
17288
17488
17616
17816
18016
18216
18412
18612
18812
19012
19212
19412
19612
19808
20008
20208
20408
20608
20808
21008
21204
21404
21604
21804
22004
22200
22400
22596
22796
22996
23196
23392
23672
30880
33612
33780
33980
34108
34308
34436
34476
34504
34704
34904
35104
35304
35500
35700
35900
36100
38088
38288
38488
38684
38884
39088
39284
39484
39684
39880
40080
40352
40560
48708
50468
50664
50732
50740
50752
50792
50992
51192
51388
51588
51784
51984
52180
52380
52576
52776
54280
54332
54344
54360
54760
54960
55160
55356
55556
55756
55956
56152
56352
56552
56748
57020
57220
1416
1604
1804
1932
2128
2328
2524
2724
2920
3120
3316
3512
3712
3908
5016
5032
5044
5692
5888
6088
6284
6480
6680
6876
7076
7272
7472
7668
7868
8136
8360
18260
18456
18588
18788
18984
19180
19380
19580
19776
19972
20172
20372
20568
20768
20964
21160
21360
21556
21752
21952
22148
22348
22544
22740
22940
23136
23336
23532
23728
23928
24124
24324
24592
24788
24816
24828
24840
35104
35300
35428
35624
35824
36020
36220
36416
36616
36812
37012
37208
37404
37604
37800
38000
38196
38396
38592
38792
38988
39188
39384
39584
39780
39976
40176
40376
40572
40768
41032
41244
42628
51724
51920
52044
52244
52444
52644
52840
53040
53240
53436
53632
53832
54032
54228
54428
54628
54824
55024
55220
55420
55616
55816
56012
56208
56408
56604
56804
57000
57196
57396
57664
57860
2804
2992
3120
3320
3520
3716
3916
4116
4312
4508
4708
4904
5104
5304
5500
5696
5896
6092
6292
6424
6440
6492
6688
6888
7088
7284
7484
7680
7880
8076
8276
8476
8672
8940
18680
18692
19600
19728
19924
20124
20320
20520
20716
20912
21108
21308
21504
21700
21900
22096
22264
22296
22492
22692
22892
23088
23288
23484
23684
23884
24080
24276
24476
24672
24872
25068
25268
25536
25936
26144
36016
36200
36400
36528
36724
36920
37120
37316
37512
37708
37908
38104
38300
38428
38440
38496
38696
38896
39092
39288
39484
39680
39880
40076
40272
40468
40668
40864
41060
41260
41456
41656
41920
42124
52988
53184
53312
53512
53708
53908
54104
54300
54496
54692
54888
55084
55284
55480
55676
55876
56072
56268
56464
56660
56856
57056
57252
57448
57644
57844
58040
58172
58180
58236
58436
58700
4036
4220
4352
4548
4744
4940
5136
5332
5532
5728
5924
6120
6320
6516
6712
6912
7108
7304
7500
7700
7896
8092
8292
8488
8684
8880
9076
9272
9468
9732
9940
15948
20776
20904
21100
21296
21496
21692
21892
22088
22288
22484
22680
22880
23076
23272
23468
23664
23864
24060
24256
24452
24648
24844
25044
25240
25436
25636
25832
26028
26224
26492
27232
27244
32032
32044
36920
37120
37248
37444
37640
37840
38036
38236
38432
38628
38824
39020
39220
39416
39612
41192
41392
41588
41788
41984
42180
42380
42576
42772
42972
43168
43364
43628
51712
51724
51736
53652
53848
53972
54172
54368
54564
54760
54960
55156
55352
55548
55748
55944
56140
57524
57720
57920
58116
58312
58508
58704
58900
59096
59296
59492
59692
59888
60156
60356
3864
4672
4840
4968
5164
5360
5556
5752
5888
5896
5952
6152
6344
6544
6740
6932
7128
7324
8504
8700
8896
9092
9292
9424
9488
9684
9880
10080
10276
10472
10672
10868
11132
11332
21372
21560
21692
21884
22080
22276
22472
22668
22868
23064
23260
23452
23652
23848
24044
25416
25544
25556
25612
25808
26004
26200
26396
26592
26788
26984
27180
27376
27572
27768
28040
38068
38264
38388
38588
38784
38980
39176
39372
39568
39764
39960
40156
40352
40552
40748
41924
42120
42316
42512
42708
42904
43096
43292
43488
43684
43880
44076
44272
44536
45160
54756
54952
55080
55276
55472
55668
55868
56064
56260
56456
56652
56848
57044
57240
58416
58612
58808
59004
59200
59400
59592
59788
59984
60180
60376
60572
60768
60964
61224
64772
64788
64800
64812
64820
2856
5884
6084
6208
6404
6600
6796
6996
7192
7388
7584
7784
7980
8172
8372
9160
9748
9944
10140
10336
10532
10728
10924
11120
11316
11508
11704
11900
12096
12360
18868
18880
18888
22372
22444
22472
22736
22864
23060
23256
23452
23648
23844
24040
24236
24432
24632
24828
25024
26004
26200
26396
26592
26788
26988
27184
27380
27576
27772
27968
28164
28360
28560
28756
29020
38432
38468
38476
39192
39384
39516
39708
39904
40100
40296
40492
40688
40880
41076
41276
41468
41664
42044
42056
42068
43040
43236
43432
43628
43824
44020
44216
44412
44612
44804
45000
45196
45392
45660
45984
55836
56032
56160
56356
56552
56748
56940
57136
57332
57528
57724
57916
58040
58052
58112
58308
58508
58700
58896
59092
59284
59480
59676
59872
60068
60260
60456
60652
60848
61044
61240
61436
61624
7296
7524
7652
7848
8044
8240
8432
8628
8824
9016
9212
9408
9604
9800
9992
10188
10384
10580
10772
10968
11164
11360
11552
11748
11944
12052
12064
12140
12404
24372
24536
24664
24860
25056
25252
25444
25640
25836
26032
26228
26424
26616
26812
27008
27204
27400
27596
27788
27984
28180
28372
28568
28764
29024
39140
41148
41276
41472
41668
41864
42060
42256
42452
42644
42840
43036
43232
43424
43620
43816
44012
44204
44400
44596
44792
44988
45184
45376
45572
51160
51168
57744
57872
58068
58264
58456
58656
58848
59048
59244
59440
59636
59832
60024
60224
60416
60612
60808
61008
61200
61396
61592
61788
61984
62180
62448
5104
5140
5152
5160
8800
8996
9120
9316
9512
9708
9904
10100
10296
10492
10688
10884
11080
11276
11468
11664
11860
12056
12252
12444
12640
12836
13032
13232
13496
24620
24648
24656
25796
25972
26168
26296
26488
26684
26880
27072
27268
27464
27660
27856
28048
28244
28440
28636
28832
29028
29224
29416
29612
29876
42380
42556
42752
42876
43072
43264
43460
43656
43848
44044
44180
44192
44240
44436
44632
44824
45020
45212
45408
45600
45796
45992
46184
46448
47680
58904
58916
59132
59328
59456
59648
59844
60036
60232
60424
60620
60816
61012
61204
61396
61592
61788
61980
62176
62372
62564
62760
62952
63220
63644
63656
63672
63680
5656
10160
10352
10548
10676
10868
11064
11260
11456
11652
11844
12036
12232
12428
12624
12816
13012
13208
13400
13596
13792
13984
14244
17560
17576
17584
21152
25080
26128
26320
26448
26644
26836
27032
27228
27424
27436
27620
27812
28008
28204
28400
28592
28788
28984
29176
29372
29564
29760
29952
30148
30344
30536
30732
30928
31120
31316
31576
31776
37004
37020
37032
37052
37064
40640
42860
42984
43180
43376
43568
43764
43960
44152
44348
44544
44740
44932
45132
45324
45520
45716
45908
46104
46300
46496
46692
46884
47080
47276
47472
47664
47860
48052
48316
56492
56524
59400
59580
59708
59900
60068
60096
60292
60484
60680
60876
61072
61264
61460
61656
61848
62044
62240
62432
62628
62824
63020
63212
63408
63600
63796
63992
64184
64380
64580
64772
65040
10376
10384
10400
10408
10420
10792
10956
11088
11280
11472
11664
11860
12052
12248
12440
12636
12828
13024
13220
13412
13608
13800
13992
14004
14192
14388
14580
14776
14972
15164
15360
15556
15820
27476
27668
27796
27988
28184
28376
28572
28764
28956
29152
29344
29540
29732
29792
29820
29832
29840
49228
49240
49248
3100
3108
12588
12772
12900
13092
13284
13480
13672
13868
14060
14252
14448
14640
14836
15028
15220
15416
15608
15800
16064
16256
22468
22480
22488
28072
28260
28384
28580
28772
28968
29160
29356
29548
29740
29936
30132
30328
30520
30716
30908
31104
31296
31492
31684
31880
32072
32268
32460
32656
32848
33044
33236
33428
33624
33884
34076
41828
41844
41860
44904
45028
45220
45380
45416
45608
45804
45996
46192
46384
46580
46772
46968
47160
47356
47548
47744
47936
48136
48324
48516
48712
48904
49100
49252
49292
49488
49680
49876
50072
50264
50528
61140
61152
61160
61172
61184
61192
61928
62056
62248
62440
62632
62828
63020
63212
63404
63600
63792
63988
64180
64372
64564
64696
64760
64952
65148
65340
0
192
388
580
776
968
1232
13024
13216
13340
13536
13728
13920
14112
14308
14500
14692
14884
14988
15000
15012
15076
15340
15464
15660
15852
16044
16304
16496
16688
16880
30616
30800
30996
31120
31376
31504
31696
31892
32084
32276
32468
32660
32852
33048
33240
33496
33688
34224
34248
34276
34288
34296
34308
34320
47796
47988
48180
48372
48564
48756
48952
49144
49336
49528
49720
49912
53600
64212
64392
64584
64776
64968
65160
65352
12
204
396
588
784
976
1184
7352
7360
14472
14668
14788
14980
15176
15372
15564
15756
15948
16140
16336
16528
16724
16916
17108
17300
17496
17688
17884
18076
18268
18528
26584
26616
26624
31240
31432
31556
31752
31940
32136
32328
32520
32716
32908
33100
33292
33488
33680
33872
34064
34260
34452
34648
34840
35100
45908
45920
45936
45948
47812
48000
48192
48316
48508
48700
0
