19300
19364
19464
19540
19556
19652
19748
19840
19936
20032
20128
20224
20316
20412
20508
20604
20700
20796
20888
20984
21080
21176
21272
21364
21460
21556
21652
21748
21844
21936
22032
22128
22220
22316
22412
22508
22604
22700
22796
22888
22976
22988
23080
23176
23272
23364
23460
23560
23652
23748
23844
23936
24032
24128
24224
24320
24404
24416
24508
24604
24700
24796
24888
24984
25080
25176
25272
25368
25464
25556
25652
25748
25844
25940
26036
26128
26224
26320
26416
26504
26512
26604
26700
26796
26892
26984
27080
27176
27272
27368
27464
27556
27656
27748
27844
27936
28032
28128
28224
28320
28412
28508
28604
28700
28768
28780
28796
28888
28984
29064
29080
29176
29272
29364
29460
29556
29652
29744
29840
29936
30032
30128
30224
30320
30412
30508
30604
30700
30796
30892
30988
31080
31176
31272
31368
31460
31556
31652
31748
31840
31936
32032
32128
32224
32320
32412
32488
32496
32508
32604
32700
32792
32888
32984
33080
33176
33272
33368
33464
33556
33652
33748
33844
33936
34032
34128
34224
34320
34416
34512
34604
34700
34796
34892
34988
35080
35176
35272
35368
35464
35560
35652
35748
35844
35936
36008
36016
36028
36036
36128
36224
36320
36412
36508
36604
36700
36796
36892
36984
37080
37176
37272
37368
37460
37556
37652
37748
37844
37940
38032
38128
38224
38292
38304
38320
38416
38512
38604
38700
38796
38892
38984
39080
39176
39272
39364
39460
39556
39652
39748
39840
39936
40032
40128
40220
40316
40412
40508
40604
40700
40796
40892
40984
41080
41176
41272
41364
41460
41556
41652
41748
41844
41940
42016
42036
42128
42224
42320
42416
42508
42604
42700
42796
42888
42984
43080
43176
43272
43364
43440
43456
43468
43556
43652
43744
43840
43936
44032
44128
44224
44320
44416
44512
44604
44700
44796
44892
44984
45080
45176
45272
45364
45460
45512
45540
45552
45560
45652
45748
45840
45936
46032
46128
46224
46316
46412
46508
46604
46700
46796
46888
46984
47080
47176
47268
47364
47460
47556
47652
47744
47828
47840
47936
48032
48128
48224
48316
48412
48508
48604
48696
48792
48888
48984
49080
49172
49268
49364
49460
49556
49652
49744
49840
49852
49936
50032
50128
50224
50316
50412
50508
50604
50696
50792
50888
50984
51076
51172
51268
51364
51460
51548
51560
51648
51744
51840
51936
52032
52128
52224
52316
52412
52508
52600
52696
52792
52888
52960
52984
53076
53172
53268
53364
53460
53556
53648
53744
53840
53936
54032
54128
54220
54316
54412
54508
54604
54696
54792
54888
54984
55052
55064
55072
55084
55172
55268
55364
55460
55556
55648
55744
55840
55936
56032
56128
56220
56316
56412
56508
56600
56696
56792
56888
56984
57076
57172
57268
57336
57364
57460
57552
57636
57644
57656
57744
57840
57932
58028
58124
58220
58312
58408
58504
58600
58696
58792
58888
58980
59076
59172
59268
59364
59456
59552
59648
59744
59840
59936
60028
60124
60220
60312
60408
60504
60600
60696
60792
60888
60980
61056
61068
61080
61172
61264
61360
61456
61552
61648
61744
61840
61936
62028
62124
62220
62312
62408
62504
62600
62696
62792
62884
62980
63076
63172
63268
63364
63460
63552
63648
63744
63840
63932
64028
64124
64220
64312
64408
64504
64600
64692
64788
64884
64980
65076
65172
65264
65360
65456
16
112
204
300
396
492
588
680
776
872
968
1064
1160
1256
1320
1332
1348
1444
1540
1636
1732
1824
1920
2016
2112
2204
2300
2396
2492
2588
2680
2776
2872
2964
3060
3156
3252
3348
3440
3536
3632
3728
3824
3920
4016
4112
4204
4300
4396
4492
4588
4680
4776
4872
4968
5040
5048
5064
5156
5252
5348
5444
5540
5632
5728
5824
5920
6012
6108
6204
6300
6396
6476
6488
6496
6584
6680
6776
6872
6968
7060
7156
7252
7348
7444
7540
7636
7728
7824
7920
8016
8112
8204
8300
8396
8488
8544
8560
8568
8580
8592
8680
8776
8872
8964
9060
9156
9252
9348
9440
9536
9632
9728
9824
9916
10012
10108
10204
10296
10392
10488
10584
10680
10776
10848
10868
10964
11060
11148
11156
11252
11344
11440
11536
11632
11724
11820
11916
12012
12108
12204
12296
12392
12488
12584
12680
12772
12868
12884
12964
13060
13156
13252
13344
13440
13536
13632
13724
13820
13916
14012
14104
14204
14296
14392
14488
14572
14584
14676
14772
14868
14964
15060
15156
15252
15348
15440
15496
15536
15632
15724
15820
15916
16012
16108
16200
16296
16392
16488
16584
16680
16772
16868
16964
17060
17156
17252
17344
17440
17536
17632
17724
17820
17916
18012
18064
18096
18108
18200
18296
18392
18488
18584
18676
18772
18868
18964
19060
19156
19248
19344
19440
19536
19628
19724
19820
19916
20012
20104
20200
20296
20376
20392
20488
20580
20676
20772
20868
20960
21056
21152
21248
21340
21436
21532
21628
21724
21820
21912
22008
22104
22200
22296
22388
22484
22580
22676
22772
22868
22964
23056
23152
23248
23340
23436
23532
23628
23724
23820
23916
24008
24088
24096
24108
24200
24292
24388
24484
24584
24676
24772
24864
24960
25056
25152
25244
25340
25436
25532
25628
25724
25816
25912
26008
26104
26200
26296
26392
26488
26580
26676
26772
26868
26960
27056
27152
27248
27340
27436
27532
27600
27608
27620
27632
27720
27816
27912
28008
28104
28196
28292
28388
28484
28580
28676
28768
28864
28960
29056
29152
29244
29340
29436
29532
29628
29724
29816
29884
29896
29912
30008
30104
30200
30296
30388
30484
30580
30672
30768
30864
30960
31056
31148
31244
31340
31436
31528
31624
31720
31816
31908
32004
32100
32196
32292
32388
32484
32580
32672
32768
32864
32956
33056
33148
33244
33340
33436
33532
33608
33628
33720
33816
33912
34004
34100
34196
34292
34388
34480
34552
34576
34672
34768
34860
34956
35052
35148
35244
35336
35432
35528
35624
35720
35816
35912
36008
36104
36196
36292
36388
36484
36576
36672
36768
36860
36956
37052
37124
37136
37148
37244
37336
37432
37528
37624
37720
37812
37908
38004
38100
38196
38292
38384
38480
38576
38672
38764
38860
38956
39052
39148
39240
39336
39432
39528
39624
39716
39812
39908
40004
40100
40192
40288
40384
40480
40576
40672
40764
40860
40956
41052
41148
41240
41336
41432
41528
41620
41716
41812
41908
42004
42096
42192
42288
42384
42476
42572
42668
42764
42860
42956
43052
43144
43240
43336
43432
43524
43620
43716
43812
43908
44000
44096
44192
44288
44380
44476
44568
44580
44668
44764
44856
44952
45048
45144
45240
45336
45432
45528
45620
45716
45812
45908
46000
46096
46192
46288
46380
46476
46572
46640
46648
46660
46672
46764
46860
46952
47048
47144
47240
47336
47428
47524
47620
47716
47812
47904
48000
48096
48192
48284
48380
48476
48572
48668
48760
48856
48928
48952
49048
49144
49236
49332
49428
49524
49616
49712
49808
49904
49996
50092
50188
50284
50380
50476
50568
50664
50760
50856
50952
51048
51144
51236
51332
51428
51524
51620
51712
51808
51904
51996
52092
52188
52284
52380
52476
52572
52664
52760
52856
52948
53044
53140
53236
53332
53428
53520
53616
53712
53808
53900
53996
54092
54188
54284
54380
54472
54568
54664
54760
54856
54952
55048
55144
55236
55332
55428
55520
55616
55712
55808
55900
55996
56092
56160
56188
56280
56376
56472
56568
56664
56760
56852
56948
57044
57140
57236
57332
57424
57520
57616
57712
57804
57900
57996
58092
58188
58284
58376
58444
58456
58472
58568
58664
58760
58856
58948
59044
59140
59232
59328
59424
59520
59616
59708
59804
59900
59996
60088
60184
60280
60376
60468
60564
60660
60756
60852
60948
61044
61140
61232
61328
61424
61516
61616
61708
61804
61900
61996
62092
62188
62280
62376
62472
62564
62660
62756
62852
62948
63040
63136
63232
63328
63420
63516
63612
63708
63804
63896
63992
64088
64184
64280
64376
64472
64568
64664
64756
64852
64948
65044
65136
65232
65328
65420
65516
76
168
180
264
360
456
552
648
744
836
932
1032
1124
1220
1316
1408
1504
1600
1692
1788
1884
1980
2076
2172
2264
2360
2440
2452
2464
2552
2648
2740
2836
2932
3028
3120
3216
3312
3408
3504
3596
3692
3788
3884
3980
4072
4168
4264
4360
4456
4548
4644
4740
4836
4932
5028
5124
5216
5312
5404
5500
5596
5692
5788
5884
5980
6072
6148
6168
6264
6360
6452
6548
6644
6740
6836
6932
7024
7120
7216
7312
7404
7500
7596
7692
7788
7880
7976
8072
8168
8264
8360
8456
8548
8644
8740
8836
8932
9024
9120
9216
9312
9404
9500
9596
9668
9676
9692
9784
9880
9976
10072
10168
10260
10356
10452
10548
10644
10740
10832
10928
11024
11120
11212
11308
11404
11500
11596
11692
11784
11880
11948
11960
11976
12072
12168
12260
12356
12452
12548
12640
12736
12832
12928
13020
13116
13212
13308
13404
13496
13592
13688
13784
13880
13976
14068
14164
14260
14356
14452
14548
14640
14736
14832
14924
15020
15116
15212
15308
15404
15500
15592
15688
15784
15880
15972
16068
16164
16260
16356
16448
16544
16640
16736
16828
16924
17020
17116
17212
17304
17400
17496
17592
17688
17784
17876
17972
18068
18164
18260
18356
18452
18544
18640
18736
18828
18924
19020
19116
19208
19304
19400
19496
19592
19684
19780
19876
19972
20068
20160
20256
20352
20448
20544
20636
20732
20828
20924
21020
21116
21208
21304
21400
21464
21476
21496
21592
21688
21780
21876
21972
22068
22160
22256
22352
22444
22540
22636
22732
22828
22920
23016
23112
23208
23300
23396
23492
23588
23684
23780
23868
23876
23968
24064
24160
24256
24352
24444
24540
24636
24732
24828
24924
25016
25112
25208
25304
25396
25492
25588
25684
25776
25872
25968
26064
26156
26252
26348
26444
26540
26632
26728
26824
26920
27016
27108
27204
27300
27396
27492
27588
27684
27780
27872
27968
28064
28160
28256
28348
28444
28540
28632
28704
28716
28728
28736
28824
28920
29012
29108
29204
29300
29396
29488
29584
29680
29776
29872
29964
30060
30156
30252
30344
30440
30536
30632
30728
30820
30916
30984
30992
31012
31108
31204
31296
31392
31488
31584
31676
31772
31868
31964
32060
32156
32248
32344
32440
32536
32632
32724
32820
32916
33012
33108
33200
33296
33372
33392
33488
33584
33676
33772
33868
33960
34056
34152
34248
34344
34440
34536
34628
34704
34716
34724
34824
34916
35012
35104
35200
35296
35392
35488
35580
35676
35772
35868
35960
36056
36152
36248
36344
36436
36532
36628
36724
36820
36916
37012
37104
37200
37296
37392
37488
37580
37676
37772
37868
37960
38056
38152
38228
38240
38248
38340
38436
38532
38628
38724
38816
38912
39008
39104
39200
39296
39388
39484
39580
39676
39768
39864
39960
40056
40152
40244
40340
40436
40500
40532
40628
40720
40816
40912
41008
41100
41196
41292
41388
41480
41576
41672
41768
41864
41956
42052
42148
42244
42340
42432
42528
42624
42720
42816
42904
42916
43008
43100
43196
43292
43384
43480
43576
43672
43768
43860
43956
44052
44148
44244
44336
44432
44528
44624
44720
44812
44908
45004
45100
45196
45288
45384
45480
45576
45668
45764
45860
45956
46052
46148
46244
46336
46432
46528
46624
46720
46816
46908
47004
47100
47196
47288
47384
47480
47572
47668
47740
47748
47760
47772
47860
47956
48048
48144
48240
48336
48428
48524
48620
48716
48812
48908
49004
49096
49192
49288
49384
49476
49572
49668
49764
49860
49956
50048
50144
50240
50336
50432
50524
50620
50716
50808
50904
51000
51096
51192
51284
51380
51476
51572
51664
51760
51856
51952
52048
52060
52140
52236
52332
52428
52524
52620
52716
52808
52904
53000
53092
53192
53284
53380
53476
53572
53668
53764
53856
53952
54048
54140
54236
54332
54428
54524
54616
54712
54808
54900
54996
55092
55188
55284
55376
55472
55568
55664
55760
55856
55952
56048
56144
56236
56332
56428
56524
56616
56712
56808
56904
56996
57092
57188
57256
57268
57276
57288
57376
57472
57568
57664
57760
57852
57948
58044
58140
58236
58332
58424
58520
58616
58708
58804
58900
58996
59092
59184
59280
59376
59472
59540
59552
59568
59660
59756
59852
59948
60040
60136
60232
60328
60424
60516
60612
60708
60804
60900
60996
61088
61184
61280
61376
61472
61564
61660
61756
61852
61948
62040
62136
62232
62328
62420
62516
62612
62708
62800
62896
62992
63088
63184
63256
63268
63280
63372
63468
63564
63660
63756
63852
63948
64040
64136
64188
64232
64324
64420
64520
64612
64704
64800
64896
64992
65088
65184
65276
65372
65468
28
124
220
312
408
504
600
696
792
884
980
1076
1168
1244
1264
1360
1456
1548
1644
1740
1836
1932
2024
2120
2216
2312
2408
2500
2596
2692
2788
2880
2976
3072
3168
3264
3360
3452
3524
3532
3548
3644
3740
3832
3928
4024
4120
4212
4308
4404
4500
4592
4688
4784
4880
4976
5072
5164
5260
5356
5452
5548
5564
5640
5736
5832
5928
6024
6120
6212
6308
6404
6496
6592
6688
6784
6880
6976
7072
7164
7260
7356
7448
7544
7640
7736
7832
7928
8020
8116
8212
8304
8400
8496
8592
8688
8784
8876
8972
9068
9164
9260
9356
9448
9544
9640
9736
9832
9924
10020
10116
10212
10308
10400
10496
10592
10684
10760
10780
10876
10972
11064
11160
11256
11352
11448
11540
11636
11732
11828
11924
12020
12112
12208
12304
12400
12492
12588
12684
12780
12876
12972
13040
13068
13160
13256
13352
13448
13540
13636
13732
13824
13920
14016
14112
14208
14300
14396
14492
14588
14680
14776
14872
14968
15064
15156
15252
15348
15444
15540
15636
15728
15824
15920
16016
16108
16204
16300
16396
16492
16588
16684
16780
16872
16968
17064
17156
17252
17348
17444
17536
17632
17684
17728
17824
17916
18012
18108
18200
18212
18300
18392
18488
18584
18680
18776
18872
18964
19060
19156
19252
19348
19444
19536
19632
19728
19824
19916
20012
20108
20204
20296
20304
20392
20488
20584
20680
20772
20868
20964
21060
21152
21248
21344
21440
21536
21628
21724
21820
21916
22008
22104
22200
22296
22392
22488
22556
22580
22676
22772
22868
22960
23056
23152
23248
23340
23436
23532
23628
23724
23820
23912
24008
24104
24200
24296
24388
24484
24584
24676
24772
24864
24960
25056
25152
25248
25340
25436
25532
25624
25720
25816
25912
26008
26104
26200
26292
26388
26484
26576
26672
26768
26864
26960
27056
27148
27244
27340
27436
27528
27624
27720
27816
27912
28004
28100
28196
28292
28388
28480
28576
28672
28768
28864
28960
29056
29148
29244
29340
29436
29528
29624
29720
29788
29800
29812
29820
29908
30004
30100
30196
30288
30384
30480
30576
30672
30768
30860
30956
31052
31148
31240
31336
31432
31528
31624
31716
31812
31908
32004
32076
32100
32192
32288
32384
32480
32572
32668
32764
32860
32952
33048
33144
33240
33336
33428
33524
33620
33716
33812
33904
34000
34096
34192
34288
34384
34456
34480
34572
34668
34764
34856
34952
35048
35140
35236
35332
35428
35524
35620
35716
35808
35904
36000
36092
36188
36284
36380
36476
36572
36664
36760
36856
36952
37044
37140
37236
37332
37428
37520
37616
37712
37808
37904
38000
38096
38192
38284
38380
38476
38572
38664
38760
38856
38952
39044
39140
39236
39296
39308
39320
39328
39424
39520
39616
39712
39804
39900
39996
40092
40188
40280
40376
40472
40568
40664
40756
40852
40948
41044
41140
41232
41328
41424
41520
41584
41596
41616
41712
41804
41900
41996
42092
42184
42280
42376
42468
42564
42660
42756
42852
42944
43040
43136
43232
43324
43420
43516
43612
43708
43800
43896
43992
44088
44184
44280
44372
44468
44564
44656
44756
44848
44944
45040
45136
45232
45328
45420
45516
45612
45704
45800
45896
45992
46088
46180
46276
46372
46464
46560
46656
46728
46740
46752
46848
46940
47036
47132
47228
47324
47420
47512
47608
47704
47800
47896
47992
48084
48180
48276
48372
48464
0
