19300
19320
19396
19468
19544
19620
19696
19772
19848
19924
20000
20076
20152
20228
20300
20376
20452
20528
20604
20680
20732
20752
20760
20832
20904
20980
21056
21132
21208
21284
21360
21432
21512
21584
21660
21732
21808
21884
21960
22036
22072
22084
22108
22184
22260
22336
22408
22484
22560
22636
22712
22788
22864
22936
23012
23088
23164
23240
23316
23392
23464
23540
23616
23692
23768
23844
23916
23992
24068
24144
24220
24292
24368
24444
24520
24596
24672
24744
24820
24896
24972
25048
25124
25200
25276
25348
25424
25500
25576
25652
25728
25804
25880
25956
26028
26104
26180
26256
26332
26408
26484
26560
26632
26708
26784
26860
26936
27012
27084
27160
27236
27312
27388
27464
27540
27612
27692
27764
27840
27916
27992
28064
28140
28216
28264
28276
28288
28300
28368
28444
28520
28596
28672
28748
28824
28900
28972
29048
29124
29200
29276
29348
29424
29500
29576
29612
29624
29652
29724
29800
29876
29952
30028
30100
30176
30252
30328
30404
30476
30552
30628
30704
30780
30852
30928
30936
31004
31080
31156
31232
31308
31380
31456
31532
31608
31684
31760
31836
31908
31984
32060
32136
32212
32288
32364
32436
32512
32588
32664
32740
32816
32888
32964
33040
33116
33192
33268
33344
33420
33496
33568
33644
33720
33796
33872
33948
34020
34096
34172
34248
34308
34320
34332
34400
34476
34552
34624
34700
34776
34852
34928
35004
35080
35156
35232
35304
35380
35456
35532
35608
35684
35760
35832
35908
35984
36060
36136
36212
36284
36360
36436
36512
36588
36660
36736
36812
36888
36964
37040
37112
37124
37188
37264
37340
37416
37492
37564
37640
37716
37792
37868
37944
38020
38092
38168
38244
38320
38396
38472
38544
38620
38696
38772
38848
38920
38996
39072
39148
39220
39296
39372
39448
39524
39600
39676
39752
39824
39900
39976
40052
40128
40204
40252
40264
40272
40284
40356
40428
40504
40580
40656
40732
40808
40884
40960
41036
41108
41184
41260
41332
41408
41484
41560
41636
41712
41788
41836
41844
41864
41936
42012
42088
42164
42240
42316
42392
42468
42544
42620
42692
42768
42844
42920
42996
43072
43148
43224
43296
43348
43360
43368
43380
43448
43524
43600
43676
43752
43824
43900
43976
44052
44128
44204
44276
44352
44428
44504
44576
44648
44656
44684
44696
44728
44804
44876
44952
45028
45104
45180
45252
45328
45404
45480
45556
45632
45708
45780
45856
45932
46004
46012
46088
46160
46236
46312
46384
46460
46536
46612
46684
46760
46836
46912
46988
47064
47136
47212
47288
47364
47440
47516
47592
47664
47740
47816
47892
47968
48044
48120
48192
48268
48344
48420
48496
48572
48648
48724
48796
48872
48948
49024
49100
49176
49252
49328
49380
49392
49400
49476
49552
49628
49704
49780
49852
49928
50004
50080
50156
50232
50308
50380
50456
50532
50608
50684
50760
50836
50908
50920
50988
51064
51136
51212
51288
51364
51440
51516
51592
51664
51740
51816
51892
51968
52044
52116
52192
52268
52344
52416
52492
52568
52644
52716
52792
52868
52944
53020
53096
53168
53244
53320
53396
53472
53548
53620
53696
53772
53848
53924
54000
54076
54148
54224
54300
54376
54452
54524
54600
54676
54752
54828
54904
54980
55052
55128
55204
55280
55320
55332
55356
55432
55508
55580
55656
55732
55808
55884
55960
56036
56112
56184
56260
56336
56412
56488
56564
56640
56716
56788
56864
56892
56924
56936
56948
57016
57092
57168
57240
57316
57392
57468
57544
57620
57696
57772
57848
57920
57996
58072
58148
58224
58300
58376
58444
58456
58524
58600
58676
58752
58828
58904
58976
59052
59128
59204
59276
59352
59428
59504
59580
59652
59728
59804
59880
59956
60032
60104
60180
60256
60332
60408
60484
60556
60632
60708
60784
60860
60936
61008
61084
61160
61236
61312
61388
61460
61536
61612
61684
61760
61836
61912
61988
62064
62140
62216
62288
62364
62440
62516
62592
62668
62744
62816
62860
62868
62880
62892
62968
63044
63120
63196
63272
63348
63424
63500
63572
63648
63724
63800
63872
63948
64024
64100
64176
64252
64328
64396
64408
64476
64552
64628
64704
64776
64852
64928
65004
65080
65156
65232
65308
65384
65460
0
72
148
224
300
376
448
456
528
604
680
752
828
904
980
1056
1128
1204
1280
1356
1432
1504
1580
1656
1724
1732
1804
1880
1956
2032
2104
2180
2256
2332
2408
2484
2560
2632
2708
2784
2860
2936
3012
3068
3088
3160
3240
3312
3388
3464
3540
3612
3688
3764
3840
3912
3988
4064
4140
4216
4292
4364
4440
4516
4592
4668
4744
4820
4892
4968
5044
5120
5196
5272
5348
5424
5500
5572
5648
5724
5800
5876
5952
6024
6100
6176
6252
6328
6404
6472
6484
6556
6628
6704
6780
6856
6932
7004
7080
7156
7232
7308
7384
7460
7532
7608
7684
7760
7836
7912
7988
8044
8056
8064
8140
8216
8288
8364
8440
8516
8592
8668
8744
8816
8892
8968
9044
9120
9192
9268
9344
9420
9492
9568
9644
9720
9792
9868
9944
10020
10096
10172
10248
10320
10396
10472
10548
10608
10620
10632
10660
10700
10772
10848
10924
11000
11076
11148
11224
11300
11376
11452
11528
11600
11676
11752
11828
11904
11980
12056
12128
12208
12280
12356
12396
12408
12416
12428
12436
12508
12580
12656
12732
12808
12884
12960
13036
13112
13188
13260
13336
13412
13488
13560
13636
13712
13788
13864
13940
14000
14008
14020
14092
14168
14240
14316
14392
14468
14544
14620
14696
14772
14844
14920
14996
15072
15148
15224
15296
15372
15448
15524
15580
15592
15600
15676
15752
15824
15900
15976
16052
16128
16200
16276
16352
16428
16504
16580
16652
16728
16792
16804
16880
16956
17028
17104
17180
17256
17332
17404
17480
17556
17632
17708
17784
17856
17932
18008
18084
18160
18236
18308
18384
18460
18536
18612
18684
18760
18836
18912
18984
19060
19136
19212
19288
19364
19440
19512
19588
19664
19740
19816
19892
19940
19948
19960
19968
20044
20116
20192
20268
20344
20420
20496
20572
20648
20724
20796
20872
20948
21024
21096
21172
21248
21324
21400
21476
21516
21528
21536
21548
21560
21628
21700
21776
21852
21928
22004
22080
22156
22228
22304
22380
22456
22536
22608
22684
22760
22836
22908
22984
23060
23136
23212
23288
23364
23436
23512
23588
23664
23740
23812
23888
23964
24040
24112
24188
24264
24340
24380
24416
24488
24564
24640
24716
24788
24864
24940
25016
25092
25168
25240
25316
25392
25468
25544
25620
25692
25704
25768
25844
25920
25996
26072
26148
26220
26296
26372
26448
26524
26596
26672
26748
26824
26900
26972
27048
27124
27200
27276
27352
27428
27468
27476
27500
27576
27656
27728
27804
27880
27956
28032
28108
28180
28256
28332
28408
28484
28556
28632
28708
28784
28860
28936
29012
29056
29068
29076
29088
29164
29236
29312
29388
29464
29540
29612
29688
29764
29840
29916
29992
30064
30140
30216
30292
30368
30444
30520
30592
30632
30644
30672
30744
30820
30896
30972
31048
31124
31200
31272
31348
31424
31500
31576
31648
31724
31800
31876
31952
32024
32100
32176
32252
32324
32400
32476
32552
32628
32700
32776
32852
32928
33000
33076
33152
33228
33304
33380
33456
33528
33604
33680
33756
33832
33908
33980
34056
34132
34208
34284
34360
34436
34512
34584
34660
34736
34812
34888
34960
35000
35036
35112
35188
35264
35340
35412
35488
35564
35640
35716
35792
35868
35944
36016
36092
36168
36244
36320
36396
36472
36544
36592
36604
36612
36624
36696
36772
36848
36924
37000
37072
37148
37224
37300
37376
37452
37528
37600
37676
37752
37828
37904
37980
38052
38128
38180
38192
38200
38212
38280
38356
38432
38504
38580
38656
38732
38808
38884
38956
39032
39108
39184
39260
39336
39408
39484
39560
39636
39708
39784
39860
39936
40012
40084
40160
40236
40312
40388
40464
40536
40612
40688
40764
40840
40916
40988
41064
41140
41216
41288
41364
41440
41516
41592
41664
41740
41816
41892
41968
42044
42120
42192
42268
42344
42420
42496
42540
42552
42564
42572
42648
42724
42796
42872
42948
43024
43100
43176
43252
43328
43400
43476
43552
43628
43700
43776
43852
43928
44004
44080
44120
44128
44156
44228
44304
44380
44456
44532
44608
44684
44760
44832
44908
44984
45064
45136
45212
45288
45360
45436
45512
45588
45664
45680
45740
45816
45892
45964
46040
46116
46192
46268
46344
46416
46492
46568
46644
46716
46792
46868
46944
47016
47092
47168
47244
47316
47392
47468
47544
47620
47692
47768
47844
47920
47996
48072
48148
48220
48280
48292
48300
48372
48448
48524
48600
48676
48748
48824
48900
48976
49048
49124
49200
49276
49352
49428
49500
49576
49652
49728
49804
49880
49952
50028
50104
50184
50256
50328
50404
50480
50556
50632
50708
50784
50860
50936
51012
51084
51160
51236
51312
51388
51464
51540
51612
51648
51656
51668
51680
51688
51764
51840
51916
51988
52064
52140
52216
52292
52364
52440
52516
52592
52668
52744
52816
52892
52968
53044
53120
53172
53196
53272
53348
53424
53496
53572
53648
53724
53800
53876
53952
54024
54100
54176
54252
54328
54400
54476
54552
54628
54700
54776
54852
54928
55000
55076
55152
55228
55304
55376
55452
55528
55604
55680
55752
55828
55904
55980
56056
56132
56208
56280
56356
56432
56508
56584
56656
56732
56808
56884
56960
57036
57112
57184
57260
57336
57412
57488
57564
57604
57616
57640
57712
57788
57864
57940
58016
58088
58164
58240
58316
58392
58468
58544
58616
58692
58768
58844
58920
58996
59072
59144
59196
59220
59296
59372
59448
59524
59600
59676
59748
59824
59900
59976
60052
60128
60200
60276
60352
60428
60504
60580
60652
60724
60736
60780
60788
60804
60880
60956
61032
61108
61180
61256
61332
61408
61484
61556
61632
61708
61784
61860
61932
61984
61996
62008
62028
62084
62160
62236
62308
62384
62460
62536
62612
62684
62760
62836
62912
62988
63060
63136
63212
63288
63364
63440
63512
63588
63664
63740
63812
63888
63964
64040
64116
64188
64264
64340
64416
64492
64568
64644
64716
64792
64868
64944
65020
65096
65152
65164
65176
65244
65320
65396
65472
12
88
164
240
312
388
464
540
616
688
764
840
916
992
1068
1140
1184
1196
1208
1220
1292
1368
1444
1516
1592
1668
1744
1820
1896
1972
2048
2124
2200
2272
2348
2424
2500
2576
2652
2704
2712
2724
2768
2776
2800
2876
2952
3028
3104
3180
3252
3328
3404
3480
3556
3628
3704
3780
3856
3928
4004
4080
4156
4228
4304
4380
4456
4528
4604
4680
4756
4832
4908
4980
5056
5132
5208
5284
5352
5360
5436
5508
5584
5660
5736
5812
5884
5960
6036
6112
6188
6260
6336
6412
6488
6564
6640
6712
6788
6864
6940
7016
7092
7128
7164
7240
7316
7392
7468
7544
7616
7696
7772
7844
7920
7996
8072
8148
8220
8296
8372
8448
8524
8600
8676
8748
8760
8824
8900
8976
9052
9124
9200
9276
9352
9428
9504
9576
9652
9728
9804
9880
9952
10028
10104
10180
10224
10236
10256
10332
10408
10484
10556
10632
10708
10784
10860
10936
11012
11084
11160
11236
11312
11384
11460
11536
11612
11688
11764
11836
11912
11988
12064
12136
12212
12288
12364
12436
12512
12588
12664
12740
12812
12880
12888
12964
13040
13116
13192
13264
13340
13416
13492
13568
13640
13716
13792
13868
13944
14020
14096
14168
14244
14320
14396
14472
14548
14620
14664
14672
14696
14772
14848
14924
14996
15072
15148
15224
15300
15376
15452
15528
15600
15676
15752
15828
15904
15980
16056
16128
16204
16260
16272
16284
16356
16432
16508
16584
16656
16732
16808
16884
16960
17036
17108
17184
17260
17336
17416
17484
17560
17636
17712
17788
17864
17940
18016
18088
18164
18240
18316
18392
18464
18540
18616
18692
18764
18840
18916
18992
19040
19068
19144
19216
19292
19368
19444
19516
19592
19668
19744
19820
19892
19968
20044
20120
20196
20272
20344
20420
20496
20572
20648
20720
20796
20872
20944
21020
21096
21172
21248
21320
21396
21472
21548
21624
21700
21776
21852
21924
22000
22076
22152
22204
22212
22224
22236
22304
22376
22452
22528
22604
22680
22756
22832
22908
22980
23056
23132
23208
23280
23356
23432
23508
23584
23660
23736
23780
23808
23820
23884
23960
24036
24112
24184
24260
24336
24412
24488
24564
24640
24716
24792
24868
24940
25016
25092
25168
25244
25288
25296
25308
25320
25392
25468
25544
25620
25696
25772
25848
25920
25996
26072
26148
26220
26296
26372
26448
26520
26596
26636
26644
26672
26748
26820
26896
26972
27048
27120
27196
27272
27348
27424
27500
27572
27648
27724
27800
27876
27940
27952
28024
28100
28176
28252
28328
28404
28476
28552
28628
28704
28776
28852
28928
29004
29080
29152
29228
29304
29380
29456
29532
29604
29680
29756
29832
29908
29980
30056
30132
30208
30284
30360
30436
30512
30588
30660
30736
30812
30888
30964
31040
31116
31188
31264
31272
31320
31332
31344
31416
31492
31564
31640
31716
31792
31868
31944
32016
32092
32168
32244
32320
32392
32468
32544
32620
32696
32772
32844
32888
32900
32920
32996
33072
33148
33224
33300
33376
33452
33524
33600
33676
33752
33824
33900
33976
34052
34128
34204
34276
34352
34428
34504
34576
34652
34728
34804
34876
34952
35028
35104
35176
35252
35328
35404
35480
35508
35552
35628
35704
35780
35856
35932
36004
36080
36156
36232
36308
36384
36456
36532
36608
36684
36760
36836
36908
36984
37060
37136
37212
37256
37264
37288
37360
37436
37512
37588
37664
37740
37816
37888
37964
38040
38116
38192
38264
38340
38416
38492
38568
38644
38720
38784
38796
38860
38872
38944
39020
39096
39172
39248
39324
39396
39472
39548
39624
39700
39776
39848
39924
40000
40076
40152
40224
40300
40372
40384
40412
40424
40436
40452
40528
40604
40676
40752
40828
40904
40980
41052
41128
41204
41280
41352
41428
41504
41580
41632
41644
41656
41664
41732
41804
41880
41956
42032
42104
42180
42256
42332
42408
42484
42556
42632
42708
42784
42860
42932
43004
43016
43084
43160
43236
43308
43384
43460
43532
43608
43684
43760
43836
43908
43984
44060
44136
44212
44288
44364
44436
44512
44588
44664
44740
44780
44792
44816
44892
44964
45040
45116
45192
45268
45344
45420
45496
45568
45644
45720
45796
45868
45944
46020
46096
46172
46244
46320
46364
46380
46388
46400
46472
46548
46624
46696
46772
46848
46924
47000
47076
47152
47228
47304
47376
47452
47528
47604
47680
47756
47828
47876
47888
47900
47912
47968
47980
47988
48056
48136
48208
48280
48356
48432
48508
48584
48656
48732
48808
48884
48956
49032
49108
49180
49192
49260
49332
49408
49484
49556
49632
49708
49784
49860
49932
50008
50084
50160
50236
50312
50384
50460
50536
50612
50688
50764
50836
50912
50988
51064
51136
51212
51288
51364
51440
51512
51588
51664
51740
51816
51888
51964
52040
52116
52192
52268
52344
52416
52492
52568
52644
52720
52796
52872
52948
53020
53096
53172
53248
53324
53396
53472
53548
53624
53700
53776
53852
53896
53908
53920
53932
54000
54076
54152
54224
54300
54376
54452
54528
54604
54676
54752
54828
54904
54980
55052
55128
55204
55280
55356
55396
55408
55420
55432
55508
55584
55656
55732
55808
55884
55960
56036
56112
56184
56260
56336
56412
56484
56560
56636
56712
56788
56860
56936
57012
57088
57160
57236
57312
57388
57460
57536
57612
57688
57760
57836
57912
57988
58064
58140
58212
58288
58364
58440
58516
58588
58664
58740
58816
58892
58964
59040
59116
59192
59268
59344
59420
59492
59568
59644
59720
59796
59836
59848
59872
59948
60020
60096
60172
60248
60320
60396
60472
60548
60624
60700
60776
60848
60924
61000
61076
61152
61228
61300
61376
61428
61440
61448
61460
61528
61604
61680
61752
61828
61904
61980
62056
62132
62208
62280
62360
62432
62508
62584
62656
62732
62808
62884
62928
62960
63000
63016
63036
63108
63184
0
