19300
19376
19472
19568
19664
19760
19856
19952
20048
20140
20236
20328
20424
20520
20612
20708
20804
20868
20876
20900
20992
21088
21184
21280
21376
21468
21564
21660
21756
21852
21948
22040
22136
22232
22328
22424
22516
22580
22604
22616
22708
22804
22900
22992
23088
23184
23280
23372
23472
23564
23660
23756
23852
23948
24040
24136
24232
24328
24424
24516
24612
24708
24804
24900
24996
25092
25188
25284
25380
25476
25572
25668
25764
25860
25952
26048
26144
26236
26332
26428
26524
26620
26716
26808
26884
26896
26908
27000
27096
27192
27288
27384
27480
27576
27672
27764
27860
27956
28052
28144
28240
28336
28432
28524
28620
28716
28776
28784
28804
28812
28908
29004
29100
29196
29292
29388
29484
29576
29672
29768
29860
29956
30052
30144
30240
30336
30428
30440
30524
30620
30716
30812
30904
31000
31096
31192
31288
31384
31480
31572
31668
31764
31856
31952
32048
32144
32240
32332
32428
32524
32620
32716
32808
32904
33000
33096
33192
33288
33384
33480
33528
33576
33668
33764
33860
33956
34048
34148
34240
34336
34432
34528
34624
34720
34812
34908
35008
35104
35200
35292
35388
35484
35580
35672
35768
35864
35960
36056
36152
36248
36340
36392
36424
36436
36448
36532
36628
36724
36820
36916
37012
37108
37204
37300
37392
37488
37584
37680
37772
37868
37964
38056
38152
38248
38344
38440
38536
38632
38728
38820
38920
39012
39108
39200
39296
39392
39484
39580
39676
39772
39868
39924
39936
39952
39964
40056
40152
40248
40344
40440
40532
40628
40724
40820
40916
41012
41104
41200
41296
41388
41484
41580
41660
41676
41768
41864
41960
42056
42148
42244
42340
42436
42532
42628
42724
42820
42912
43008
43104
43200
43296
43392
43484
43580
43676
43772
43824
43868
43964
44060
44156
44248
44344
44440
44536
44636
44728
44824
44920
45016
45108
45204
45300
45392
45488
45584
45680
45776
45872
45932
45944
45968
46064
46160
46252
46348
46444
46540
46636
46732
46828
46924
47020
47112
47208
47304
47396
47492
47588
47684
47780
47864
47876
47972
48068
48164
48256
48352
48448
48544
48640
48732
48828
48924
49016
49112
49204
49300
49396
49468
49480
49492
49588
49680
49776
49872
49968
50064
50156
50252
50348
50444
50540
50636
50728
50824
50920
51016
51112
51208
51300
51396
51492
51588
51680
51776
51872
51964
52060
52156
52252
52348
52444
52540
52636
52728
52824
52920
53016
53112
53208
53300
53396
53492
53588
53684
53780
53876
53972
54068
54164
54260
54356
54448
54544
54640
54736
54828
54924
55020
55116
55212
55308
55400
55468
55480
55496
55592
55688
55784
55880
55976
56072
56168
56264
56356
56452
56548
56644
56736
56832
56928
57020
57116
57212
57308
57384
57404
57500
57596
57692
57788
57884
57980
58072
58168
58264
58360
58452
58548
58640
58736
58832
58924
58976
58988
58996
59008
59020
59028
59116
59212
59304
59400
59496
59592
59688
59784
59880
59976
60068
60164
60260
60356
60448
60544
60640
60736
60828
60924
61020
61116
61212
61304
61400
61496
61592
61688
61784
61880
61972
62068
62164
62260
62356
62448
62544
62640
62736
62832
62928
63020
63116
63212
63308
63404
63500
63596
63692
63788
63884
63980
64072
64168
64264
64360
64452
64548
64644
64740
64836
64932
64984
64992
65004
65028
65124
65220
65312
65408
65504
64
160
256
352
448
544
636
732
828
920
1016
1112
1204
1300
1352
1396
1408
1492
1588
1684
1780
1876
1972
2064
2160
2256
2348
2444
2540
2632
2728
2824
2920
2984
3012
3024
3108
3204
3300
3396
3492
3588
3680
3780
3872
3968
4064
4160
4252
4348
4444
4536
4632
4728
4820
4916
5012
5108
5204
5300
5392
5488
5584
5680
5776
5872
5968
6064
6156
6252
6348
6444
6540
6632
6728
6824
6920
7016
7112
7208
7300
7396
7492
7588
7684
7784
7876
7972
8064
8160
8256
8352
8444
8540
8640
8732
8828
8924
8976
8988
9020
9116
9212
9304
9400
9496
9592
9688
9784
9880
9976
10072
10164
10260
10356
10448
10544
10640
10736
10832
10916
10928
11020
11116
11212
11308
11404
11500
11596
11688
11784
11880
11972
12068
12164
12256
12352
12448
12504
12516
12544
12640
12732
12828
12924
13020
13116
13208
13304
13400
13496
13592
13688
13780
13876
13972
14068
14164
14256
14352
14448
14544
14636
14732
14828
14924
15016
15112
15208
15304
15400
15496
15592
15688
15784
15876
15972
16068
16164
16260
16352
16448
16544
16640
16736
16832
16928
17024
17120
17216
17312
17408
17504
17596
17692
17788
17880
17976
18072
18168
18264
18360
18452
18536
18548
18560
18644
18740
18836
18932
19028
19124
19220
19316
19408
19504
19600
19696
19788
19884
19980
20076
20168
20264
20360
20428
20448
20460
20552
20648
20744
20840
20936
21032
21128
21220
21316
21412
21504
21600
21696
21788
21884
21980
22056
22064
22076
22168
22264
22356
22452
22548
22644
22740
22836
22932
23024
23120
23216
23312
23404
23500
23596
23692
23788
23880
23976
24072
24168
24264
24360
24452
24548
24644
24740
24836
24932
25024
25120
25216
25312
25408
25500
25596
25692
25788
25884
25980
26076
26168
26264
26360
26456
26552
26648
26744
26840
26936
27032
27128
27224
27316
27412
27508
27604
27696
27792
27888
27984
28036
28048
28056
28080
28176
28272
28368
28464
28560
28652
28748
28844
28940
29036
29132
29224
29320
29416
29508
29604
29704
29796
29892
29984
29992
30080
30176
30272
30368
30464
30560
30656
30752
30844
30940
31036
31128
31224
31320
31412
31508
31584
31596
31608
31700
31796
31888
31984
32080
32176
32272
32368
32464
32556
32652
32748
32844
32936
33032
33128
33220
33316
33412
33508
33600
33696
33792
33888
33984
34080
34176
34272
34364
34460
34556
34652
34748
34844
34936
35032
35128
35224
35320
35416
35468
35508
35604
35700
35796
35892
35988
36084
36180
36276
36372
36464
36560
36656
36752
36844
36940
37036
37132
37228
37324
37420
37512
37576
37584
37608
37708
37800
37896
37992
38088
38184
38280
38376
38472
38568
38660
38756
38852
38944
39040
39136
39228
39324
39420
39492
39516
39612
39708
39804
39900
39996
40088
40184
40280
40376
40468
40564
40660
40752
40848
40944
41040
41104
41128
41140
41228
41324
41420
41512
41608
41704
41800
41896
41992
42088
42184
42276
42372
42468
42564
42656
42752
42848
42944
43036
43132
43228
43324
43416
43512
43608
43704
43800
43896
43992
44088
44180
44276
44372
44468
44564
44656
44752
44848
44944
45008
45040
45136
45232
45328
45424
45516
45612
45712
45808
45904
45996
46092
46188
46284
46376
46472
46568
46664
46756
46852
46948
47044
47112
47140
47236
47332
47428
47520
47620
47712
47808
47904
48000
48096
48192
48284
48380
48476
48572
48664
48760
48856
48952
49004
49044
49052
49144
49240
49336
49432
49524
49620
49716
49812
49908
50000
50096
50192
50284
50380
50476
50568
50656
50668
50760
50852
50948
51044
51140
51236
51332
51424
51520
51616
51712
51808
51900
51996
52092
52188
52284
52372
52380
52472
52568
52664
52760
52852
52948
53044
53140
53236
53332
53428
53520
53616
53712
53808
53904
53996
54092
54188
54284
54380
54472
54568
54668
54760
54856
54952
55048
55144
55240
55336
55432
55528
55624
55720
55812
55908
56004
56100
56192
56288
56384
56480
56576
56652
56660
56672
56768
56864
56956
57052
57148
57244
57340
57436
57532
57628
57720
57816
57912
58004
58100
58196
58292
58384
58480
58544
58576
58672
58768
58864
58960
59056
59152
59248
59344
59436
59532
59628
59720
59816
59912
60004
60100
60176
60188
60196
60292
60384
60480
60576
60672
60768
60864
60956
61052
61148
61244
61340
61432
61528
61624
61716
61812
61908
62004
62100
62192
62288
62384
62480
62576
62668
62764
62864
62956
63052
63148
63244
63340
63436
63528
63624
63720
63816
63912
64004
64056
64104
64196
64292
64388
64484
64580
64676
64772
64868
64964
65056
65152
65248
65344
65436
65532
92
188
284
380
476
568
632
660
672
764
856
952
1048
1144
1240
1336
1432
1528
1620
1716
1812
1908
2000
2096
2192
2284
2380
2476
2548
2572
2668
2764
2860
2956
3048
3144
3240
3336
3432
3524
3620
3716
3808
3904
4000
4096
4168
4184
4192
4284
4380
4476
4568
4664
4760
4856
4952
5048
5144
5240
5332
5428
5524
5616
5712
5808
5904
5996
6092
6188
6284
6376
6472
6568
6664
6760
6856
6952
7048
7140
7236
7332
7428
7524
7616
7712
7808
7904
8000
8096
8192
8288
8380
8476
8572
8668
8764
8860
8956
9052
9148
9244
9336
9432
9528
9620
9716
9812
9908
10004
10100
10164
10172
10196
10292
10388
10484
10576
10672
10768
10864
10960
11056
11152
11244
11340
11436
11532
11624
11720
11816
11912
12008
12080
12088
12100
12112
12200
12296
12392
12484
12580
12676
12772
12868
12960
13056
13152
13248
13340
13436
13528
13624
13672
13704
13712
13724
13812
13908
14004
14100
14196
14288
14388
14480
14576
14672
14768
14864
14956
15052
15148
15244
15336
15428
15436
15528
15624
15720
15812
15908
16004
16100
16192
16288
16384
16480
16576
16672
16768
16860
16956
17052
17148
17244
17336
17432
17528
17624
17720
17816
17912
18008
18104
18200
18296
18392
18488
18584
18676
18772
18868
18960
19056
19152
19248
19344
19440
19536
19628
19692
19700
19712
19724
19820
19916
20012
20108
20204
20300
20392
20488
20584
20680
20776
20872
20964
21060
21156
21248
21344
21440
21536
21632
21728
21824
21920
22016
22112
22204
22300
22396
22492
22584
22680
22776
22868
22964
23060
23152
23204
23220
23232
23248
23344
23440
23532
23628
23724
23820
23916
24012
24108
24200
24296
24392
24488
24584
24676
24772
24868
24960
25056
25152
25248
25344
25440
25532
25628
25724
25820
25916
26012
26108
26204
26296
26392
26488
26584
26680
26772
26868
26964
27060
27156
27252
27344
27440
27536
27632
27728
27824
27920
28016
28112
28208
28304
28396
28492
28588
28680
28780
28872
28968
29064
29160
29220
29232
29244
29252
29264
29352
29448
29544
29640
29736
29828
29924
30020
30116
30212
30308
30400
30496
30592
30684
30780
30876
30972
31068
31112
31160
31260
31352
31448
31544
31640
31736
31832
31924
32020
32116
32208
32304
32400
32492
32588
32684
32744
32752
32764
32780
32876
32972
33064
33160
33256
33352
33448
33544
33640
33732
33828
33924
34020
34112
34208
34304
34396
34492
34588
34684
34776
34872
34968
35064
35156
35252
35348
35444
35540
35636
35732
35828
35924
36020
36112
36208
36304
36400
36496
36588
36684
36780
36876
36972
37068
37164
37260
37356
37452
37548
37644
37736
37832
37928
38020
38116
38212
38308
38404
38500
38596
38688
38760
38772
38784
38880
38976
39072
39168
39264
39360
39456
39552
39644
39740
39836
39932
40024
40120
40216
40312
40404
40500
40596
40692
40788
40884
40980
41076
41172
41268
41360
41456
41552
41648
41740
41836
41932
42024
42120
42212
42284
42304
42312
42404
42500
42592
42688
42784
42880
42976
43072
43168
43260
43356
43452
43548
43644
43736
43832
43928
44024
44120
44212
44308
44404
44500
44596
44688
44784
44880
44976
45072
45164
45260
45356
45452
45548
45644
45736
45832
45928
46024
46120
46216
46312
46404
46500
46596
46692
46788
46884
46980
47076
47172
47268
47364
47460
47552
47648
47744
47840
47932
48028
48124
48220
48272
48284
48292
48316
48412
48508
48600
48696
48792
48888
48984
49080
49176
49272
49364
49460
49556
49652
49744
49840
49936
50032
50128
50208
50220
50316
50412
50508
50604
50700
50796
50892
50988
51080
51176
51272
51364
51460
51556
51648
51744
51820
51840
51936
52028
52124
52220
52316
52412
52504
52600
52696
52792
52888
52984
53076
53172
53268
53360
53456
53552
53648
53744
53840
53932
54028
54124
54220
54316
54412
54508
54600
54696
54792
54888
54984
55080
55176
55268
55364
55460
55556
55648
55744
55840
55936
56032
56128
56224
56320
56416
56512
56608
56704
56800
56892
56988
57084
57176
57272
57368
57464
57560
57656
57752
57820
57832
57840
57852
57944
58040
58132
58228
58324
58420
58516
58612
58708
58804
58896
58992
59088
59184
59276
59372
59468
59560
59656
59752
59848
59944
60040
60136
60232
60324
60424
60516
60612
60708
60800
60896
60988
61084
61180
61276
61328
61352
61372
61468
61560
61656
61752
61848
61944
62040
62132
62228
62324
62420
62516
62608
62704
62800
62896
62988
63084
63180
63272
63368
63464
63560
63656
63748
63844
63940
64036
64132
64228
64324
64420
64516
64608
64704
64800
64896
64992
65088
65180
65232
65276
65372
65468
28
124
220
316
412
508
604
696
792
888
984
1076
1172
1268
1364
1460
1556
1652
1744
1796
1816
1828
1840
1936
2032
2128
2224
2320
2416
2512
2604
2700
2796
2892
2988
3080
3176
3272
3364
3460
3556
3652
3720
3748
3844
3940
4036
4132
4224
4320
4416
4512
4608
4700
4796
4892
4984
5080
5176
5268
5364
5460
5556
5648
5744
5840
5936
6032
6128
6224
6316
6412
6508
6604
6700
6792
6888
6984
7080
7176
7268
7364
7460
7556
7652
7744
7840
7936
8032
8128
8220
8316
8412
8508
8604
8700
8792
8888
8984
9080
9176
9272
9368
9464
9560
9652
9752
9844
9940
10040
10132
10228
10324
10420
10516
10608
10704
10800
10896
10992
11084
11180
11276
11328
11340
11352
11372
11468
11564
11656
11752
11848
11944
12040
12136
12232
12328
12424
12516
12612
12708
12800
12896
12992
13088
13184
13276
13284
13376
13472
13568
13660
13756
13852
13948
14044
14136
14232
14328
14420
14516
14612
14708
14800
14896
14992
15084
15180
15276
15372
15468
15564
15656
15752
15848
15944
16040
16132
16228
16324
16420
16512
16608
16704
16800
16896
16988
17084
17180
17276
17372
17468
17564
17660
17752
17848
17944
18040
18136
18232
18324
18420
18516
18612
18704
18800
18896
18992
19088
19184
19280
19376
19472
19568
19664
19760
19856
19948
20044
20140
20236
20328
20424
20520
20616
20712
20808
20856
20880
20888
20904
21000
21096
21192
21288
21384
21476
21572
21668
21764
21860
21956
22048
22144
22240
22332
22428
22524
22620
22716
22808
22904
23000
23096
23192
23288
23384
23480
23572
23668
23764
23856
23952
24048
24140
24236
24332
24428
24524
24620
24712
24808
24904
25000
25096
25192
25288
25380
25476
25572
25668
25760
25856
25952
26044
26140
26236
26328
26424
26520
26616
26712
26808
26900
26996
27092
27188
27284
27380
27476
27572
27668
27760
27856
27952
28048
28144
28240
28336
28428
28524
28620
28716
28812
28908
29004
29100
29196
29288
29384
29480
29576
29668
29764
29860
29956
30052
30148
30244
30336
30396
30408
30416
30432
30528
30624
30720
30816
30912
31008
31104
31200
31292
31388
31484
31580
31672
31768
31864
31960
32056
32148
32244
32336
32348
32436
32532
32628
32724
32820
32912
33008
33104
33200
33292
33388
33484
33576
33672
33768
33860
33916
33944
33956
33968
34052
34148
34240
34336
34432
34528
34624
34720
34816
34912
35008
35100
35196
35292
35388
35480
35576
35672
35768
35860
35956
36052
36148
36244
36336
36432
36528
36624
36720
36816
36912
37008
37100
37196
37292
37388
37484
37576
37672
37768
37820
37828
37864
37960
38056
38152
38248
38344
38440
38536
38632
38728
38820
38920
39012
39108
39204
39296
39392
39488
39584
39676
39772
39868
39928
39940
39964
40060
40156
40252
40348
40444
40540
40632
40728
40824
40920
41016
41112
41204
41300
41396
41488
41584
41680
41776
41872
41968
42064
42160
42256
42348
42444
42540
42636
42732
42824
42920
43016
43108
43204
43300
43392
43464
43488
43504
43584
43680
43772
43868
43964
44060
44156
44252
44344
44440
44536
44632
44728
44820
44916
45012
45104
45200
45296
45392
45488
45584
45676
45772
45868
45964
46060
46156
46252
46344
46440
46536
46632
46728
46820
46916
47012
47112
47204
47300
0
