19300
19344
19416
19492
19564
19640
19716
19788
19864
19936
20012
20084
20160
20236
20308
20384
20460
20536
20608
20684
20756
20832
20904
20980
21056
21132
21200
21212
21280
21352
21428
21504
21576
21652
21728
21800
21876
21948
22024
22100
22172
22248
22324
22396
22472
22548
22620
22696
22768
22844
22920
22992
23068
23140
23216
23292
23364
23440
23512
23588
23664
23736
23812
23884
23960
24036
24108
24184
24260
24332
24408
24480
24556
24628
24704
24780
24852
24928
25000
25076
25148
25224
25300
25372
25448
25520
25596
25668
25744
25816
25892
25968
26040
26116
26192
26264
26340
26412
26488
26564
26636
26712
26784
26860
26936
27008
27084
27156
27232
27308
27380
27456
27528
27604
27676
27752
27828
27900
27976
28052
28124
28200
28272
28348
28420
28496
28572
28644
28720
28796
28868
28944
29020
29092
29168
29244
29316
29392
29468
29540
29616
29692
29764
29840
29916
29988
30064
30136
30212
30288
30360
30436
30508
30584
30660
30732
30808
30880
30956
31028
31104
31176
31252
31328
31400
31476
31552
31624
31700
31772
31848
31924
31996
32072
32144
32220
32296
32368
32444
32520
32592
32668
32740
32816
32888
32964
33036
33112
33184
33260
33336
33408
33484
33560
33632
33708
33780
33856
33928
34004
34076
34152
34224
34300
34376
34448
34524
34596
34672
34748
34824
34896
34972
35044
35120
35196
35268
35344
35420
35492
35568
35640
35716
35792
35864
35940
36016
36088
36164
36236
36312
36388
36460
36536
36608
36664
36684
36760
36832
36908
36984
37056
37132
37204
37280
37356
37428
37504
37580
37652
37728
37804
37876
37952
38028
38100
38176
38248
38324
38396
38472
38548
38620
38696
38768
38844
38920
38992
39068
39140
39216
39288
39364
39436
39512
39588
39660
39736
39808
39884
39956
40032
40108
40180
40256
40328
40404
40476
40552
40624
40700
40776
40848
40924
41000
41072
41148
41224
41296
41372
41444
41520
41592
41668
41744
41816
41892
41964
42040
42116
42188
42264
42336
42412
42484
42560
42636
42708
42784
42860
42932
43008
43080
43156
43232
43304
43380
43456
43528
43604
43680
43752
43828
43900
43976
44052
44124
44200
44276
44348
44424
44500
44572
44648
44720
44796
44872
44944
45020
45096
45168
45244
45320
45392
45468
45540
45616
45688
45764
45840
45912
45988
46060
46136
46208
46284
46360
46432
46508
46584
46656
46732
46804
46880
46952
47028
47104
47176
47252
47324
47400
47472
47548
47624
47696
47772
47844
47920
47992
48068
48140
48216
48292
48364
48440
48516
48588
48664
48736
48812
48884
48960
49036
49108
49184
49256
49332
49408
49480
49556
49628
49704
49776
49852
49928
50000
50076
50152
50224
50300
50376
50448
50520
50596
50672
50744
50820
50896
50968
50980
51044
51120
51192
51268
51340
51416
51492
51532
51564
51640
51716
51788
51864
51940
52012
52088
52164
52240
52312
52388
52460
52536
52608
52684
52760
52832
52908
52980
53056
53132
53204
53280
53352
53428
53500
53576
53652
53724
53800
53872
53948
54024
54096
54172
54244
54320
54396
54468
54544
54616
54692
54768
54840
54916
54988
55064
55140
55212
55288
55360
55436
55508
55584
55656
55732
55808
55880
55956
56028
56104
56176
56252
56328
56400
56476
56548
56624
56696
56772
56848
56920
56996
57072
57144
57220
57292
57368
57444
57516
57592
57668
57740
57816
57892
57964
58040
58116
58188
58264
58336
58404
58412
58484
58560
58636
58708
58784
58860
58932
59008
59084
59156
59232
59304
59380
59452
59528
59604
59676
59752
59828
59900
59976
60052
60124
60200
60276
60348
60424
60496
60572
60644
60720
60796
60868
60944
61016
61092
61168
61240
61316
61388
61464
61540
61612
61688
61760
61836
61908
61984
62060
62132
62208
62280
62356
62428
62504
62580
62652
62728
62800
62876
62948
63024
63100
63172
63248
63324
63396
63472
63544
63620
63692
63768
63844
63916
63992
64064
64140
64216
64288
64364
64436
64512
64584
64660
64732
64808
64884
64960
65032
65108
65180
65256
65328
65404
65480
16
92
168
240
316
392
464
540
616
688
764
836
912
988
1060
1136
1212
1288
1360
1436
1508
1584
1660
1732
1808
1880
1956
2032
2104
2180
2252
2328
2404
2476
2552
2624
2700
2776
2848
2924
2996
3072
3144
3220
3296
3372
3444
3520
3592
3668
3740
3816
3888
3964
4040
4112
4188
4260
4336
4412
4484
4560
4632
4708
4780
4856
4928
5004
5080
5152
5228
5300
5376
5452
5524
5600
5672
5748
5824
5896
5972
6048
6120
6196
6268
6344
6416
6492
6568
6640
6716
6792
6864
6940
7012
7088
7164
7236
7312
7384
7460
7532
7608
7684
7748
7760
7832
7908
7980
8056
8132
8204
8280
8356
8428
8504
8576
8652
8728
8800
8876
8952
9024
9100
9176
9248
9324
9400
9472
9548
9620
9696
9768
9844
9920
9992
10068
10140
10216
10288
10364
10440
10512
10588
10660
10736
10812
10884
10960
11036
11108
11184
11256
11332
11404
11480
11556
11628
11704
11776
11852
11928
12000
12008
12076
12148
12224
12296
12372
12444
12520
12596
12672
12744
12820
12892
12968
13040
13116
13188
13264
13336
13412
13488
13560
13636
13708
13784
13860
13932
14008
14080
14156
14232
14308
14380
14456
14532
14604
14680
14752
14828
14904
14976
15052
15124
15200
15276
15348
15424
15496
15572
15648
15720
15796
15872
15944
16020
16092
16168
16244
16316
16392
16468
16540
16616
16692
16764
16840
16916
16988
17064
17136
17212
17288
17360
17436
17508
17584
17660
17732
17808
17880
17956
18028
18104
18180
18252
18328
18400
18476
18548
18624
18700
18772
18848
18920
18996
19068
19144
19220
19292
19368
19440
19516
19588
19664
19736
19812
19888
19960
20036
20112
20184
20260
20336
20408
20488
20556
20632
20704
20780
20856
20928
21004
21080
21152
21224
21300
21376
21448
21524
21596
21672
21748
21820
21896
21972
22044
22120
22192
22268
22340
22416
22492
22568
22640
22716
22788
22864
22940
23012
23088
23164
23236
23312
23388
23460
23536
23612
23684
23760
23832
23908
23984
24056
24132
24208
24280
24356
24432
24504
24580
24652
24728
24800
24876
24948
25024
25100
25172
25248
25320
25396
25472
25544
25620
25692
25768
25844
25916
25992
26068
26140
26216
26288
26364
26436
26512
26588
26660
26736
26808
26884
26956
27032
27104
27180
27256
27328
27404
27476
27552
27628
27700
27776
27848
27924
27996
28072
28148
28220
28296
28368
28444
28520
28592
28668
28740
28816
28892
28964
29040
29112
29188
29264
29336
29412
29488
29560
29636
29708
29784
29856
29932
30008
30080
30088
30156
30232
30304
30380
30452
30528
30604
30676
30752
30828
30900
30976
31052
31124
31200
31276
31348
31424
31500
31572
31648
31720
31796
31872
31944
32020
32092
32168
32244
32316
32392
32464
32540
32612
32688
32760
32836
32912
32984
33060
33136
33208
33284
33356
33432
33508
33580
33656
33732
33804
33880
33952
34028
34100
34176
34252
34320
34328
34400
34472
34548
34620
34696
34768
34844
34920
34992
35068
35140
35216
35288
35364
35436
35512
35588
35660
35736
35808
35884
35960
36032
36108
36180
36256
36332
36404
36480
36556
36628
36704
36780
36856
36928
37004
37076
37152
37224
37300
37376
37448
37516
37528
37596
37672
37748
37820
37896
37972
38044
38120
38192
38268
38344
38416
38492
38568
38640
38716
38788
38864
38940
39012
39088
39164
39236
39312
39388
39460
39536
39608
39684
39756
39832
39908
39980
40056
40128
40204
40280
40352
40428
40500
40576
40652
40724
40800
40872
40948
41024
41096
41168
41244
41320
41392
41468
41540
41616
41688
41764
41836
41912
41988
42060
42136
42212
42284
42360
42432
42508
42584
42656
42732
42804
42880
42956
43028
43104
43176
43252
43324
43400
43476
43548
43624
43696
43772
43844
43920
43996
44068
44144
44220
44292
44368
44440
44516
44588
44664
44740
44812
44888
44960
44972
45036
45112
45188
45260
45336
45412
45484
45560
45636
45708
45784
45860
45932
46008
46080
46156
46232
46304
46380
46456
46528
46604
46676
46752
46828
46900
46976
47048
47124
47196
47272
47348
47420
47496
47568
47644
47720
47792
47868
47940
48016
48092
48164
48240
48312
48388
48464
48536
48612
48684
48760
48836
48908
48984
49056
49132
49204
49280
49352
49428
49500
49576
49652
49724
49800
49876
49948
50024
50096
50172
50244
50320
50396
50468
50544
50616
50692
50768
50840
50916
50988
51064
51140
51212
51288
51360
51436
51512
51584
51660
51736
51808
51884
51956
52032
52104
52180
52256
52328
52404
52476
52552
52628
52700
52776
52852
52924
53000
53076
53148
53224
53300
53372
53448
53520
53596
53672
53748
53820
53896
53968
54044
54120
54192
54268
54340
54416
54488
54564
54640
54712
54788
54860
54936
55008
55084
55160
55232
55308
55384
55456
55532
55604
55680
55752
55828
55904
55976
56052
56128
56200
56276
56348
56424
56500
56572
56648
56720
56796
56868
56944
57016
57092
57164
57240
57316
57388
57464
57536
57612
57684
57760
57832
57908
57984
58056
58132
58204
58280
58356
58428
58504
58576
58652
58728
58800
58876
58952
59028
59100
59176
59252
59324
59400
59472
59548
59620
59696
59772
59844
59920
59992
60068
60144
60216
60292
60364
60440
60516
60588
60664
60740
60812
60888
60960
61036
61112
61188
61260
61336
61408
61484
61560
61632
61708
61780
61856
61932
62004
62080
62152
62228
62304
62376
62452
62524
62600
62676
62748
62824
62896
62972
63044
63120
63196
63268
63344
63416
63496
63564
63640
63716
63788
63864
63936
64012
64084
64160
64232
64308
64384
64456
64532
64604
64680
64756
64828
64904
64980
65052
65128
65200
65276
65348
65424
65500
36
112
184
260
332
408
484
556
632
704
780
856
928
1004
1080
1152
1228
1300
1376
1448
1524
1600
1672
1744
1752
1824
1896
1972
2048
2120
2196
2272
2308
2344
2420
2492
2568
2644
2720
2792
2868
2940
3016
3092
3164
3240
3316
3388
3464
3536
3612
3684
3760
3836
3908
3984
4056
4132
4204
4280
4356
4428
4504
4576
4652
4728
4800
4876
4948
5024
5100
5172
5248
5320
5396
5472
5544
5620
5692
5768
5840
5916
5992
6064
6140
6212
6284
6360
6436
6508
6584
6660
6732
6808
6880
6956
7032
7104
7180
7252
7328
7404
7476
7552
7624
7700
7776
7848
7924
7996
8072
8148
8220
8296
8368
8444
8520
8592
8668
8740
8816
8892
8964
9040
9112
9188
9264
9336
9412
9484
9560
9636
9708
9784
9860
9932
10008
10084
10156
10232
10308
10380
10456
10532
10604
10680
10752
10828
10904
10976
11052
11124
11200
11272
11348
11424
11496
11572
11644
11720
11792
11868
11944
12016
12092
12168
12240
12316
12388
12464
12536
12612
12688
12760
12836
12912
12984
13060
13132
13208
13280
13356
13432
13504
13580
13652
13728
13800
13876
13948
14024
14100
14172
14248
14320
14396
14468
14544
14616
14692
14768
14840
14916
14988
15048
15064
15136
15212
15288
15360
15436
15508
15584
15660
15736
15808
15884
15960
16032
16108
16184
16256
16332
16404
16480
16556
16628
16704
16776
16852
16924
17000
17076
17148
17224
17300
17372
17448
17524
17596
17672
17744
17820
17896
17968
18044
18120
18192
18268
18344
18416
18492
18564
18640
18716
18788
18864
18936
19012
19084
19160
19236
19308
19384
19456
19532
19608
19680
19756
19828
19904
19976
20052
20124
20200
20276
20348
20424
20496
20572
20644
20720
20796
20864
20876
20944
21016
21092
21164
21240
21316
21388
21464
21540
21612
21688
21760
21836
21908
21984
22060
22132
22208
22280
22356
22428
22504
22580
22652
22728
22800
22876
22948
23024
23100
23172
23248
23324
23396
23472
23544
23620
23692
23768
23844
23916
23992
24068
24140
24216
24292
24364
24440
24516
24588
24664
24736
24812
24888
24960
25036
25112
25184
25260
25336
25408
25484
25560
25632
25708
25780
25856
25928
26004
26080
26152
26228
26300
26376
26448
26524
26600
26672
26748
26820
26896
26972
27044
27120
27192
27268
27344
27416
27492
27564
27640
27716
27788
27864
27936
28012
28084
28160
28236
28308
28380
28456
28532
28604
28680
28752
28828
28904
28976
29052
29124
29200
29272
29348
29424
29496
29572
29644
29720
29796
29868
29944
30016
30092
30168
30240
30316
30388
30464
30540
30612
30688
30764
30836
30912
30984
31060
31132
31208
31280
31356
31432
31504
31580
31656
31728
31804
31876
31952
32028
32100
32176
32252
32324
32400
32476
32548
32624
32700
32776
32848
32924
32996
33072
33144
33220
33296
33368
33444
33516
33592
33664
33740
33812
33888
33964
34036
34112
34184
34260
34332
34408
34484
34556
34632
34708
34780
34856
34928
35004
35076
35152
35228
35300
35376
35448
35524
35600
35672
35748
35820
35896
35968
36044
36116
36192
36268
36340
36416
36488
36564
36636
36712
36788
36860
36936
37008
37084
37156
37232
37304
37380
37456
37528
37604
37676
37752
37824
37900
37976
38052
38124
38200
38276
38348
38424
38496
38572
38648
38720
38796
38872
38936
38948
39020
39092
39168
39240
39316
39392
39464
39540
39616
39688
39764
39836
39912
39988
40060
40136
40212
40284
40360
40432
40508
40584
40660
40732
40808
40880
40956
41032
41104
41180
41252
41328
41400
41476
41552
41624
41700
41772
41848
41920
41996
42068
42144
42220
42292
42368
42440
42516
42588
42664
42740
42812
42888
42960
43036
43108
43184
43256
43332
43404
43480
43556
43628
43704
43780
43852
43928
44000
44076
44152
44224
44300
44372
44448
44520
44596
44672
44744
44820
44892
44968
45040
45116
45192
45264
45340
45412
45488
45564
45636
45712
45784
45860
45932
46008
46084
46156
46232
46308
46380
46388
46456
46532
46604
46680
46752
46828
46904
46976
47052
47128
47200
47276
47352
47424
47500
47572
47648
47724
47796
47872
47948
48020
48096
48168
48244
48320
48392
48468
48540
48616
48688
48764
48836
48912
48984
49060
49136
49208
49284
49360
49432
49508
49580
49656
49728
49804
49880
49952
50028
50100
50176
50252
50324
50400
50472
50548
50620
50696
50768
50844
50916
50992
51064
51140
51216
51288
51364
51440
51512
51588
51660
51736
51808
51884
51960
52032
52108
52180
52256
52332
52404
52480
52552
52628
52700
52776
52852
52928
53000
53076
53148
53224
53296
53372
53444
53520
53596
53668
53744
53816
53892
53968
54040
54116
54188
54264
54340
54412
54488
54564
54636
54712
54788
54860
54936
55012
55084
55160
55232
55308
55380
55392
55456
55532
55608
55680
55756
55828
55904
55976
56052
56128
56200
56272
56348
56424
56496
56572
56644
56720
56796
56868
56944
57016
57092
57164
57240
57316
57388
57464
57536
57612
57688
57760
57836
57908
57984
58060
58132
58208
58280
58356
58428
58504
58580
58652
58728
58800
58876
58948
59024
59096
59172
59244
59320
59392
59468
59544
59616
59692
59764
59840
59912
59988
60064
60136
60212
60288
60360
60436
60512
60584
60660
60732
60808
60884
60956
61032
61108
61180
61256
61328
61404
61480
61552
61628
61700
61776
61816
61852
61924
62000
62072
62148
62224
62296
62372
62448
62520
62596
62668
62744
62820
62892
62968
63044
63116
63192
63264
63340
63416
63488
63564
63636
63712
63784
63860
63932
64008
64084
64156
64232
64304
64380
64456
64528
64604
64676
64752
64824
64900
64972
65048
65124
65196
65272
65344
65420
65492
32
104
180
252
328
404
476
552
628
700
776
848
924
996
1072
1148
1220
1296
1368
1444
1516
1572
1584
1592
1664
1740
1816
1888
1964
2036
2112
2188
2260
2336
2408
2484
2560
2632
2708
2780
2856
2928
3004
3080
3140
3152
3164
3228
3304
3376
3452
3528
3600
3676
3752
3824
3900
3972
4048
4124
4196
4272
4348
4420
4496
4572
4644
4720
4792
4868
4940
5016
5088
5164
5240
5312
5388
5460
5536
5608
5684
5760
5832
5908
5980
6056
6132
6204
6280
6352
6428
6504
6576
6652
6724
6800
0
