33964
33948
33960
34064
34168
34272
34380
34484
34588
34696
34800
34904
35012
35116
35224
35328
35432
35540
35644
35748
35856
35960
36064
36172
36276
36380
36488
36592
36696
36804
36908
37016
37120
37228
37332
37436
37544
37648
37752
37856
37964
38068
38172
38276
38384
38488
38592
38700
38804
38908
39016
39120
39224
39332
39436
39544
39648
39752
39856
39964
40068
40172
40280
40384
40488
40596
40700
40804
40912
41016
41120
41224
41332
41436
41544
41648
41752
41856
41964
42068
42176
42280
42384
42492
42596
42700
42808
42912
43016
43120
43224
43332
43436
43540
43648
43752
43856
43964
44068
44172
44280
44384
44488
44592
44696
44804
44908
45016
45120
45224
45332
45436
45540
45648
45752
45856
45964
46068
46172
46280
46384
46488
46596
46700
46808
46912
47016
47124
47228
47332
47440
47544
47652
47756
47864
47968
48072
48180
48284
48388
48492
48596
48704
48808
48912
49016
49124
49228
49336
49440
49544
49652
49756
49860
49968
50072
50180
50284
50388
50492
50596
50704
50808
50912
51016
51124
51228
51336
51440
51544
51652
51756
51860
51968
52072
52176
52284
52388
52492
52600
52704
52808
52916
53020
53124
53232
53336
53440
53548
53652
53756
53860
53968
54072
54176
54280
54388
54492
54596
54704
54808
54912
55016
55124
55228
55332
55440
55544
55648
55756
55860
55964
56072
56176
56280
56388
56492
56596
56704
56808
56916
57020
57124
57232
57336
57440
57548
57652
57756
57864
57968
58076
58180
58288
58392
58496
58604
58708
58812
58916
59024
59128
59232
59336
59444
59548
59652
59760
59864
59968
60076
60180
60284
60392
60496
60604
60708
60812
60916
61020
61128
61232
61336
61444
61548
61652
61760
61864
61968
62076
62180
62284
62392
62496
62600
62708
62812
62916
63024
63128
63232
63340
63444
63548
63656
63760
63868
63972
64076
64180
64284
64392
64496
64600
64708
64812
64916
65024
65128
65232
65336
65440
12
116
220
328
432
536
644
748
852
960
1064
1168
1276
1380
1488
1592
1696
1804
1908
2012
2116
2224
2328
2436
2540
2648
2752
2856
2964
3068
3176
3280
3388
3492
3596
3704
3808
3912
4016
4120
4228
4332
4436
4540
4648
4752
4856
4964
5068
5172
5280
5384
5492
5596
5700
5808
5908
6016
6120
6224
6332
6436
6540
6648
6752
6860
6964
7068
7176
7280
7384
7488
7596
7700
7804
7912
8016
8124
8228
8332
8440
8544
8648
8756
8860
8964
9072
9176
9280
9384
9488
9596
9700
9804
9912
10016
10124
10228
10332
10436
10540
10648
10752
10856
10964
11068
11172
11280
11384
11488
11596
11700
11804
11912
12016
12120
12228
12332
12440
12544
12648
12752
12860
12964
13072
13176
13280
13388
13492
13600
13704
13812
13916
14020
14128
14232
14336
14440
14548
14652
14756
14860
14968
15072
15176
15284
15388
15492
15596
15704
15808
15912
16020
16128
16232
16336
16440
16544
16652
16756
16860
16968
17072
17176
17284
17388
17492
17600
17704
17808
17916
18020
18124
18232
18336
18440
18548
18652
18756
18864
18968
19072
19180
19284
19388
19496
19600
19704
19808
19916
20020
20124
20228
20336
20440
20548
20652
20756
20860
20964
21072
21176
21280
21388
21492
21600
21704
21808
21912
22020
22124
22228
22336
22440
22548
22652
22756
22864
22968
23072
23180
23284
23388
23496
23600
23704
23812
23916
24024
24128
24236
24340
24448
24552
24656
24764
24868
24972
25076
25180
25288
25392
25496
25600
25708
25812
25916
26024
26128
26232
26340
26444
26552
26656
26760
26868
26972
27076
27180
27284
27392
27496
27600
27708
27812
27916
28024
28128
28236
28340
28444
28548
28656
28760
28864
28972
29076
29184
29288
29392
29500
29604
29708
29816
29920
30024
30132
30236
30340
30444
30548
30656
30760
30864
30972
31076
31180
31288
31392
31496
31600
31708
31812
31916
32024
32128
32232
32336
32444
32548
32656
32760
32864
32972
33076
33180
33288
33392
33496
33604
33708
33812
33920
34024
34132
34236
34340
34448
34552
34660
34764
34872
34976
35080
35188
35292
35396
35500
35608
35712
35816
35920
36028
36132
36236
36344
36448
36552
36660
36764
36872
36976
37080
37188
37292
37396
37500
37604
37712
37816
37920
38028
38132
38236
38344
38448
38552
38660
38764
38868
38976
39080
39184
39292
39396
39500
39608
39712
39816
39924
40028
40132
40240
40344
40448
40556
40660
40764
40868
40976
41080
41184
41292
41396
41500
41608
41712
41816
41920
42024
42132
42236
42340
42448
42552
42656
42764
42868
42972
43080
43184
43288
43396
43500
43608
43712
43820
43924
44028
44132
44240
44344
44448
44556
44660
44768
44872
44976
45084
45188
45296
45400
45508
45612
45716
45824
45928
46032
46136
46240
46348
46452
46556
46660
46768
46872
46980
0
