33956
33948
33992
34076
34164
34252
34340
34424
34512
34600
34688
34772
34860
34948
35036
35120
35208
35296
35384
35468
35556
35644
35732
35820
35904
35992
36080
36168
36256
36340
36428
36516
36604
36692
36776
36864
36952
37040
37128
37216
37304
37388
37476
37564
37652
37736
37824
37912
38000
38084
38172
38260
38344
38432
38520
38608
38696
38780
38868
38956
39040
39132
39216
39304
39392
39476
39564
39652
39740
39824
39912
40000
40088
40172
40260
40348
40436
40524
40608
40696
40784
40872
40956
41044
41132
41220
41308
41392
41480
41568
41656
41740
41828
41916
42004
42092
42176
42264
42352
42436
42524
42612
42700
42784
42872
42960
43048
43132
43220
43308
43396
43480
43568
43656
43744
43828
43916
44004
44092
44176
44264
44352
44440
44528
44612
44700
44788
44876
44964
45048
45136
45224
45312
45400
45484
45572
45660
45748
45836
45924
46012
46096
46184
46272
46360
46444
46532
46620
46704
46792
46880
46968
47052
47140
47228
47316
47404
47488
47576
47664
47748
47840
47924
48012
48100
48184
48272
48360
48448
48532
48620
48708
48796
48880
48968
49056
49144
49232
49316
49404
49492
49580
49668
49752
49840
49928
50016
50100
50188
50276
50364
50452
50536
50624
50712
50800
50884
50972
51060
51144
51232
51320
51408
51492
51580
51668
51756
51840
51928
52016
52100
52188
52276
52364
52452
52540
52624
52712
52800
52884
52972
53060
53148
53236
53320
53408
53496
53584
53672
53756
53844
53932
54020
54108
54192
54280
54368
54456
54544
54632
54720
54804
54892
54980
55068
55152
55240
55328
55416
55500
55588
55676
55760
55848
55936
56024
56112
56196
56284
56372
56460
56544
56632
56720
56808
56892
56980
57068
57156
57240
57328
57416
57504
57588
57676
57764
57852
57940
58024
58112
58200
58288
58376
58460
58548
58636
58724
58808
58896
58984
59072
59156
59244
59332
59420
59508
59592
59680
59768
59852
59940
60028
60116
60200
60288
60376
60464
60548
60636
60724
60808
60896
60984
61072
61160
61244
61332
61420
61508
61592
61680
61768
61856
61944
62028
62116
62204
62292
62376
62464
62552
62640
62728
62812
62900
62988
63076
63164
63252
63340
63428
63512
63600
63688
63776
63860
63948
64036
64120
64208
64296
64384
64468
64556
64644
64732
64816
64904
64992
65080
65164
65252
65340
65428
65516
64
152
240
324
412
500
588
676
760
848
936
1024
1108
1196
1284
1372
1460
1544
1632
1720
1808
1892
1980
2068
2156
2244
2328
2416
2504
2592
2676
2764
2852
2936
3024
3112
3200
3288
3372
3460
3548
3636
3720
3808
3896
3980
4068
4156
4244
4328
4416
4504
4592
4680
4764
4852
4940
5028
5112
5200
5288
5376
5464
5548
5636
5724
5812
5900
5984
6072
6160
6248
6336
6420
6508
6596
6684
6772
6860
6944
7032
7120
7204
7292
7380
7468
7552
7640
7728
7816
7900
7988
8076
8164
8248
8336
8424
8512
8600
8688
8772
8860
8948
9032
9120
9208
9296
9380
9468
9556
9644
9732
9816
9904
9992
10076
10164
10252
10340
10428
10512
10600
10688
10776
10864
10948
11036
11124
11212
11296
11384
11472
11556
11644
11732
11820
11904
11992
12080
12168
12256
12340
12428
12516
12600
12688
12776
12864
12952
13036
13124
13212
13296
13384
13472
13560
13648
13736
13820
13908
13996
14084
14168
14256
14344
14432
14520
14604
14692
14780
14868
14956
15040
15128
15216
15304
15392
15480
15568
15652
15740
15828
15912
16000
16088
16172
16260
16348
16436
16520
16608
16696
16784
16868
16956
17044
17132
17220
17308
17396
17480
17568
17656
17740
17828
17916
18000
18088
18176
18264
18352
18440
18524
18612
18700
18784
18872
18960
19048
19136
19220
19308
19396
19484
19568
19656
19744
19832
19920
20004
20092
20180
20264
20352
20440
20528
20612
20700
20788
20876
20964
21048
21136
21224
21308
21396
21484
21572
21656
21744
21832
21920
22004
22092
22180
22268
22352
22440
22528
22616
22704
22788
22876
22964
23052
23140
23224
23312
23400
23488
23576
23664
23748
23836
23924
24012
24100
24188
24272
24360
24448
24532
24620
24708
24796
24880
24968
25056
25144
25228
25316
25404
25488
25576
25664
25752
25840
25928
26016
26100
26188
26272
26360
26448
26536
26624
26708
26796
26884
26972
27056
27144
27232
27320
27404
27492
27580
27668
27756
27840
27928
28016
28104
28192
28276
28364
28452
28540
28624
28712
28800
28888
28972
29060
29148
29232
29320
29408
29496
29584
29668
29756
29844
29928
30016
30104
30192
30276
30364
30452
30540
30624
30712
30800
30888
30972
31060
31148
31236
31324
31412
31496
31584
31672
31760
31844
31932
32020
32108
32196
32280
32368
32456
32544
32632
32720
32808
32892
32980
33068
33156
33240
33328
33416
0
