33956
33948
34016
34172
34328
34488
34640
34796
34952
35108
35264
35420
35576
35732
35888
36044
36200
36356
36512
36668
36824
36980
37136
37292
37448
37604
37760
37916
38072
38228
38384
38540
38700
38856
39012
39168
39324
39480
39636
39792
39948
40108
40264
40420
40576
40732
40888
41044
41200
41360
41516
41672
41828
41984
42140
42296
42452
42608
42764
42920
43072
43228
43384
43544
43700
43856
44012
44164
44320
44476
44632
44792
44948
45104
45260
45412
45572
45728
45880
46036
46196
46352
46508
46664
46820
46976
47132
47288
47444
47600
47756
47912
48068
48224
48384
48536
48696
48852
49008
49164
49320
49476
49632
49788
49944
50100
50256
50412
50568
50724
50880
51036
51192
51348
51504
51660
51816
51972
52128
52284
52440
52596
52752
52908
53064
53220
53376
53532
53688
53844
54000
54156
54316
54472
54628
54784
54940
55096
55252
55408
55564
55724
55876
56036
56192
56348
56504
56660
56816
56976
57132
57288
57444
57600
57756
57912
58068
58224
58380
58532
58688
58844
59000
59160
59316
59472
59628
59780
59936
60092
60248
60408
60564
60720
60876
61028
61188
61344
61500
61656
61812
61968
62124
62280
62436
62592
62748
62904
63060
63216
63372
63528
63684
63840
64000
64152
64312
64468
64624
64780
64936
65092
65248
65408
24
184
336
492
648
804
960
1116
1272
1428
1584
1740
1900
2056
2208
2364
2520
2676
2832
2988
3144
3300
3456
3612
3768
3924
4080
4236
4396
4552
4708
4864
5020
5176
5332
5488
5644
5804
5960
6116
6272
6428
6584
6740
6896
7056
7212
7368
7524
7680
7836
7992
8148
8304
8460
8616
8768
8928
9084
9240
9396
9552
9708
9860
10016
10172
10328
10488
10644
10800
10956
11112
11272
11424
11580
11736
11892
12048
12204
12360
12516
12672
12828
12984
13140
13296
13452
13608
13764
13920
14080
14236
14392
14548
14704
14860
15016
15172
15328
15488
15644
15800
15952
16108
16264
16420
16576
16732
16888
17044
17200
17356
17516
17668
17824
17980
18136
18292
18448
18604
18760
18920
19072
19228
19384
19540
19696
19852
20012
20168
20324
20480
20636
20792
20948
21104
21260
21420
21576
21732
21888
22044
22200
22356
22516
22672
22828
22984
23140
23300
23452
23608
23764
23920
24076
24232
24388
24544
24700
24856
25012
25168
25324
25480
25632
25792
25944
26104
26260
26416
26576
26728
26884
27040
27196
27352
27508
27664
27820
27976
28132
28288
28444
28600
28756
28912
29068
29228
29380
29540
29696
29852
30008
30164
30320
30476
30632
30788
30944
31104
31260
31416
31568
31724
31880
32036
32192
32348
32504
32660
32816
32976
33132
33284
33440
33596
33752
33908
34064
34220
34380
34536
34688
34844
35004
35156
35316
35468
35628
35784
35940
36096
36252
36408
36564
36720
36880
37036
37192
37348
37504
37660
37816
37976
38132
38288
38444
38600
38756
38920
39072
39228
39380
39536
39692
39848
40004
40160
40316
40472
40628
40784
40940
41096
41252
41408
41564
41720
41876
42036
42192
42344
42500
42656
42812
42968
43124
43280
43436
43592
43752
43908
44064
44216
44376
44528
44684
44844
45000
45156
45312
45468
45624
45780
45936
46092
46248
46408
46564
46720
46876
47032
47188
47340
47500
47652
47808
47964
48124
48280
48436
48592
48748
48904
49056
49212
49368
49524
49684
49840
49996
50152
50308
50464
50620
50776
50932
51088
51244
51400
51556
51716
51872
52028
52184
52340
52496
52652
52808
52964
53124
53276
53436
53592
53748
53904
54064
54220
54376
54532
54688
54844
54996
55152
55308
55464
55620
55776
55932
56088
56244
56400
56556
56712
56868
57024
57180
57340
57496
57652
57808
57960
58116
58272
58428
58584
58740
58896
59056
59212
59368
59524
59680
59836
59992
60148
60304
60460
60616
60772
60928
61084
61244
61396
61556
61712
61868
62024
62180
62336
62492
62648
62804
62960
63116
63268
63424
63580
63740
63896
64052
64208
64364
64520
64676
64832
64988
65144
65300
65456
76
232
388
544
700
856
1012
1168
1324
1484
1640
1796
1952
2108
2264
2420
2576
2732
2888
3048
3204
3360
3516
3672
3828
3988
4144
4300
4456
4612
4768
4924
5080
5236
5392
5544
5700
5856
6012
6172
6328
6484
6640
6792
6948
7104
7260
7420
7576
7732
7892
8040
8200
8356
8512
8668
8824
8980
9136
9292
9448
9604
9760
9916
10072
10228
10384
10540
10696
10852
11012
11168
11324
11480
11636
11792
11948
12104
12260
12420
12576
12732
12888
13040
13196
13352
13508
13664
13820
13976
14132
14292
14448
14600
14756
14912
15068
15224
15380
15536
15696
15852
16004
16160
16320
16472
16628
16788
16944
17100
17256
17416
17568
17724
17880
18036
18196
18352
18508
18664
18820
18976
19136
19292
19448
0
